0.323171
0.325084
0.329649
0.372242
0.325564
0.338822
0.325075
0.327819
0.335844
0.335483
0.325635
0.325107
0.390901
0.328702
0.328943
0.324092
0.321983
0.32473
0.326442
0.326033
0.330012
0.331479
0.323605
0.325177
0.325127
0.326092
0.324067
0.326313
0.330157
0.324677
0.325091
0.337884
0.325939
0.32364
0.323906
0.32341
0.324965
0.323842
0.323189
0.32368
0.325198
0.326307
0.325438
0.325587
0.328892
0.323581
0.323692
0.321986
0.325312
0.325536
0.322759
0.32344
0.324711
0.326073
0.325032
0.329142
0.325993
0.34251
0.328265
0.325997
0.325883
0.325502
0.326182
0.325993
0.32738
0.326587
0.36029
0.323753
0.326399
0.326819
0.326916
0.332909
0.32723
0.32601
0.324431
0.324422
0.322502
0.325641
0.327943
0.323206
0.324788
0.32672
0.325972
0.325732
0.32709
0.324255
0.324238
0.324761
0.322758
0.324529
0.323916
0.323815
0.324181
0.356499
0.327377
0.328298
0.327819
0.32936
0.326882
0.325627
