0.001612
0.0016137
0.0016165
0.0016358
0.0016039
0.0016174
0.0016148
0.0018111
0.0016091
0.0016383
0.0016152
0.0016174
0.0016159
0.0016369
0.0016138
0.0016132
0.0016181
0.0016214
0.0016168
0.0016111
0.001611
0.0016264
0.0016131
0.0016118
0.0016171
0.0016104
0.0017224
0.0016088
0.0016119
0.0016061
0.0016299
0.0016145
0.0016042
0.0016153
0.0016063
0.0016307
0.0016057
0.0016101
0.0016181
0.0016058
0.0016201
0.0016126
0.0016097
0.0016058
0.0016057
0.0016144
0.0016078
0.0016288
0.0016083
0.0016118
0.0016149
0.0016106
0.0016106
0.001604
0.0016039
0.001612
0.0016055
0.0016072
0.0016741
0.0016032
0.001605
0.0016218
0.0016104
0.0016075
0.0016104
0.0016084
0.0016082
0.0016121
0.0016147
0.0016135
0.0016124
0.0016128
0.0016286
0.0016052
0.001632
0.0016073
0.0016056
0.0016075
0.0016073
0.0016115
0.0016119
0.0016061
0.0016077
0.0016084
0.0016114
0.001609
0.0016267
0.0016137
0.0016075
0.0016099
0.0016139
0.0016104
0.0016101
0.0016199
0.0016058
0.0016243
0.0016068
0.0016096
0.0016069
0.0016197
