0.0042253
0.0044333
0.0043346
0.0045617
0.0043102
0.0042846
0.0042579
0.0042753
0.004285
0.0045048
0.0043553
0.0044907
0.0043003
0.0042946
0.0043197
0.0042542
0.0042959
0.0043802
0.0043681
0.0043819
0.0043017
0.0043028
0.0043937
0.0042882
0.0045475
0.0042036
0.0045331
0.0044519
0.0042753
0.0042832
0.0042717
0.0042559
0.0042929
0.0044179
0.0041935
0.0042845
0.0042996
0.004363
0.0042791
0.004263
0.0042912
0.0042841
0.0042828
0.004266
0.004217
0.0042368
0.0044446
0.0042931
0.0042581
0.0042497
0.0043422
0.0042523
0.0042194
0.0042921
0.0043735
0.0043812
0.0045204
0.0042697
0.0042763
0.0042883
0.0042537
0.0042789
0.0043083
0.0042413
0.0042848
0.0042889
0.0045128
0.0043767
0.0042917
0.0042966
0.0042839
0.0043059
0.004293
0.0042575
0.0042533
0.0042558
0.0042397
0.0042693
0.0042557
0.0042753
0.0043533
0.0042748
0.0042484
0.0042544
0.0042795
0.004443
0.0042659
0.0042975
0.0042521
0.0044675
0.0042887
0.0042735
0.0042829
0.0042484
0.0044352
0.0043799
0.0042671
0.0043614
0.0045011
0.0042771
