0.0051959
0.0050779
0.0050046
0.0050266
0.0050372
0.0050101
0.0053019
0.0050396
0.0050449
0.0050401
0.0054436
0.0050411
0.0050409
0.0050125
0.0050624
0.0053927
0.0051228
0.0050221
0.0050048
0.0050594
0.004996
0.0050445
0.0050022
0.0050206
0.0050384
0.0050038
0.0051558
0.0050219
0.0050023
0.00509
0.0049485
0.0050676
0.0050571
0.0050065
0.0050334
0.0052846
0.0050629
0.0051673
0.0050899
0.0049949
0.0051551
0.0050002
0.0050361
0.005137
0.0053269
0.0049837
0.005105
0.0049639
0.0051458
0.005018
0.0052233
0.0052275
0.0049609
0.0050549
0.0050388
0.0050518
0.0050502
0.0050951
0.0049919
0.0050502
0.0050376
0.0050361
0.0049972
0.0052588
0.0052925
0.0059268
0.0063075
0.0052965
0.0051816
0.0055915
0.0050867
0.0052928
0.0060157
0.0050874
0.0053178
0.005008
0.0050476
0.0049955
0.0050721
0.0050668
0.0051467
0.0053262
0.005259
0.0050407
0.005032
0.0050675
0.0053309
0.004974
0.0050552
0.0051949
0.0050172
0.0050423
0.0050567
0.0049577
0.0050682
0.0050266
0.0050445
0.0050406
0.0050089
0.0050792
