1.64129
1.63909
1.64618
1.6053
1.61837
1.60307
1.61512
1.64265
1.60637
1.60672
1.61743
1.6048
1.61052
1.62815
1.61026
1.6088
1.64076
1.6133
1.60465
1.60502
1.60377
1.59994
1.60855
1.6081
1.62133
1.61239
1.65761
1.61826
1.62887
1.61191
1.61657
1.59248
1.6332
1.60365
1.66568
1.60807
1.60486
1.60289
1.60269
1.67166
1.61171
1.61863
1.60585
1.61039
1.6117
1.60329
1.60656
1.61565
1.59461
1.61082
1.59655
1.60114
1.65319
1.60291
1.60268
1.59985
1.61871
1.67265
1.60101
1.60459
1.59893
1.60476
1.61236
1.61122
1.60412
1.60239
1.60342
1.60703
1.60736
1.62072
1.61573
1.6167
1.61741
1.67169
1.60382
1.61882
1.60907
1.60835
1.6684
1.61421
1.60791
1.61022
1.60277
1.63894
1.61943
1.60207
1.6009
1.60919
1.69037
1.60588
1.60239
1.61195
1.61615
1.63407
1.61281
1.60783
1.59832
1.60301
1.60836
1.59949
