0.0446099
0.0446379
0.0445585
0.045386
0.045506
0.0447549
0.0448392
0.044661
0.0449566
0.0447107
0.0447123
0.0453587
0.0446905
0.0447089
0.0448008
0.0453323
0.0444207
0.0443624
0.0442008
0.0449353
0.0442527
0.0442078
0.0448331
0.0443976
0.0442836
0.0443587
0.0442334
0.0442364
0.0442943
0.0441976
0.0443946
0.0448855
0.0442422
0.0442554
0.0442376
0.0442712
0.0443979
0.0442148
0.0444183
0.0441117
0.0440128
0.0447459
0.0443074
0.0440231
0.0443375
0.0440435
0.0441843
0.044157
0.044016
0.0440778
0.0445848
0.0442817
0.0443276
0.0445585
0.0442891
0.0443441
0.0444076
0.0449531
0.0447257
0.0444385
0.0443567
0.0447584
0.0443025
0.045317
0.0447229
0.0447049
0.0455658
0.0447651
0.0446336
0.0446818
0.0447596
0.0447374
0.04537
0.0446304
0.0445833
0.0445347
0.0445736
0.0445535
0.0445219
0.0447633
0.0445912
0.0452232
0.0446324
0.0447992
0.0445297
0.0452956
0.0447332
0.0446891
0.0448084
0.0446837
0.0447233
0.0447017
0.0451978
0.0447449
0.0447855
0.0446939
0.0447399
0.0447169
0.0449007
0.0447045
