1.29496
1.30103
1.29976
1.31237
1.29282
1.292
1.29563
1.29213
1.31299
1.29435
1.31011
1.29496
1.30261
1.29104
1.2984
1.29051
1.28793
1.30685
1.30579
1.33023
1.29182
1.38576
1.2949
1.33494
1.29504
1.29364
1.29402
1.29795
1.30814
1.29833
1.29189
1.31295
1.29314
1.29563
1.30305
1.30181
1.3607
1.29835
1.29154
1.29325
1.29199
1.34592
1.28764
1.32136
1.29397
1.29991
1.29274
1.32346
1.2927
1.35912
1.28695
1.28961
1.29588
1.29123
1.34197
1.29369
1.29864
1.29847
1.28695
1.30555
1.29813
1.30054
1.36614
1.30566
1.30476
1.29131
1.29328
1.29736
1.29038
1.29769
1.29636
1.29257
1.29655
1.2939
1.29998
1.35481
1.30358
1.30234
1.306
1.33422
1.32522
1.30067
1.29
1.29574
1.29896
1.30882
1.29887
1.30152
1.29992
1.2999
1.33674
1.2943
1.28864
1.28331
1.29297
1.30844
1.31078
1.29205
1.29891
1.29081
