0.0098825
0.0092643
0.009205
0.0091691
0.0091771
0.009223
0.0092237
0.0091837
0.0092638
0.0093832
0.0093319
0.0092731
0.0091902
0.0094574
0.0092125
0.0092102
0.0091725
0.0092824
0.0092849
0.0093117
0.0097563
0.0102697
0.0097531
0.0093071
0.0092124
0.0092802
0.0092142
0.0091679
0.0091827
0.0091915
0.0094034
0.0092433
0.009214
0.0092513
0.0096139
0.0108002
0.009565
0.0091797
0.0091655
0.0092361
0.0092457
0.0091821
0.0091982
0.0091882
0.0092827
0.009196
0.0091816
0.0092415
0.0091854
0.0097955
0.0207883
0.0092431
0.0092339
0.009685
0.0092714
0.0092431
0.0092325
0.0092147
0.009255
0.0092926
0.0092186
0.0092558
0.0092111
0.0092068
0.0091691
0.0092156
0.0091699
0.0091707
0.0092011
0.009186
0.0092831
0.0091815
0.0092971
0.0091997
0.0092762
0.0092
0.009216
0.0092039
0.0092153
0.0092255
0.0091743
0.0092126
0.0093051
0.0093552
0.0091644
0.0092045
0.0091937
0.0091805
0.0091643
0.0091883
0.0091736
0.0092074
0.0091939
0.0091842
0.0092173
0.0091787
0.0092107
0.0091876
0.0092392
0.0092977
