0.0020556
0.0020689
0.0022676
0.0022412
0.0020738
0.0020592
0.0021261
0.0020828
0.0022486
0.0021493
0.0020627
0.0020927
0.0020935
0.0020537
0.0021611
0.0020795
0.0022779
0.00208
0.0020522
0.0021346
0.0022011
0.00212
0.0020588
0.0020764
0.0020716
0.0021041
0.0020933
0.0020938
0.0022757
0.0021119
0.0021586
0.0020856
0.002053
0.0020637
0.002087
0.0020992
0.0021411
0.0020802
0.0020637
0.002121
0.002169
0.0020704
0.0020641
0.0020635
0.0021684
0.0020407
0.0020606
0.00206
0.0020712
0.0022945
0.0020646
0.0020654
0.0020747
0.0020746
0.002085
0.0020846
0.0020647
0.0020846
0.0021574
0.002091
0.0020785
0.002099
0.002102
0.002129
0.0020671
0.0020549
0.0020519
0.0020792
0.0020767
0.0020757
0.002074
0.0021292
0.0021795
0.0020958
0.0021091
0.0020644
0.0020701
0.0020692
0.0020673
0.0021732
0.0020857
0.0021024
0.0021212
0.0021828
0.0020636
0.0020664
0.0021761
0.0020706
0.0021837
0.0020707
0.0020827
0.0020459
0.0021875
0.0020832
0.0020971
0.0020827
0.002098
0.0020887
0.0020814
0.0020598
