0.0132319
0.0132866
0.0131562
0.0132222
0.0131774
0.0133701
0.0132584
0.0133363
0.0132061
0.0131791
0.0133215
0.0132229
0.0132372
0.0132253
0.0131915
0.0131599
0.0133553
0.013278
0.0135878
0.0132874
0.0132387
0.013258
0.013186
0.0132576
0.0133458
0.0131493
0.0132354
0.0133034
0.0133599
0.0131861
0.013245
0.0131985
0.0132096
0.0132205
0.013275
0.0133569
0.0136299
0.0134002
0.0134396
0.0133331
0.0132041
0.0132611
0.0132981
0.0133226
0.0132438
0.0133112
0.0132257
0.0133124
0.0134186
0.0134908
0.0131783
0.0131624
0.0132666
0.0132427
0.0131824
0.0132115
0.0132808
0.0132001
0.0132256
0.013199
0.0133868
0.0131975
0.0133145
0.0133433
0.0133656
0.0137325
0.0149621
0.0138134
0.0134446
0.0139794
0.0133235
0.0134194
0.0162567
0.0134592
0.0134802
0.0133451
0.0133482
0.0148226
0.0134475
0.0135821
0.0133523
0.0133819
0.0136547
0.013389
0.0131902
0.0136766
0.013192
0.0134823
0.0134469
0.0132319
0.0132628
0.0132865
0.013708
0.0132081
0.0132841
0.0133577
0.0132609
0.0132639
0.0132672
0.0132804
