0.0072553
0.0072914
0.0073069
0.0072746
0.0072903
0.0073034
0.0072847
0.0072549
0.0072513
0.0072974
0.007333
0.0072816
0.0072517
0.007233
0.0072618
0.00732
0.0072293
0.0072109
0.0072857
0.0072805
0.0072678
0.0072668
0.0072578
0.0073377
0.0073152
0.0072645
0.0072595
0.0072994
0.0072862
0.0072151
0.0072543
0.007246
0.0072834
0.0072755
0.0072651
0.0072602
0.0072761
0.0072514
0.007234
0.0072497
0.0072427
0.0072088
0.0072522
0.007271
0.0072752
0.0072713
0.007248
0.0078415
0.0073358
0.0072882
0.0072703
0.0072631
0.007294
0.007279
0.0072416
0.0072391
0.0072872
0.0072941
0.0072576
0.0072508
0.0075366
0.0072845
0.00728
0.0072737
0.0072576
0.007284
0.0072178
0.007276
0.0072739
0.0073158
0.0072697
0.0072625
0.0073156
0.0072983
0.0072311
0.007249
0.0072861
0.0073336
0.0072467
0.0072569
0.0072945
0.0072942
0.0072189
0.0072639
0.0072692
0.0072666
0.0075674
0.0072207
0.0073128
0.0072534
0.0072614
0.0072547
0.0072338
0.0072706
0.0072358
0.0072539
0.0072269
0.0072334
0.007348
0.0072653
