0.001345
0.0013849
0.0013836
0.0013814
0.0032135
0.0013454
0.0013455
0.0013502
0.0013493
0.0013482
0.001362
0.0013588
0.001359
0.0013576
0.001351
0.0013533
0.0013716
0.0013642
0.001365
0.0013646
0.0013478
0.0013473
0.0013473
0.0013589
0.0013559
0.0013558
0.0013505
0.0013463
0.0013478
0.0014285
0.0013405
0.0013433
0.0013455
0.0013527
0.0013492
0.0013557
0.001359
0.001383
0.0013708
0.0013759
0.0013675
0.0013444
0.001344
0.001346
0.0013558
0.0013545
0.0013529
0.0013503
0.0013604
0.0013464
0.0013564
0.0013529
0.001355
0.0013655
0.0013633
0.001363
0.0013514
0.0013506
0.0013549
0.0013744
0.0013743
0.0014208
0.0013393
0.0013427
0.0013366
0.0013622
0.0013595
0.001365
0.0013602
0.0013603
0.0013622
0.0013555
0.0013601
0.001364
0.0013505
0.0013508
0.0013559
0.0013562
0.0014027
0.0013546
0.001359
0.0013615
0.001361
0.0013545
0.0013536
0.0013531
0.0013468
0.0013471
0.001348
0.0013462
0.0013456
0.0013687
0.0013793
0.0014177
0.0014286
0.001359
0.0013565
0.0013594
0.001365
0.0013528
