1.75549
1.76172
1.7502
1.75946
1.75064
1.75483
1.76007
1.74935
1.74525
1.75954
1.75994
1.7945
1.75499
1.75544
1.75941
1.75937
1.74917
1.76022
1.75739
1.74997
1.75708
1.75835
1.76992
1.76224
1.75095
1.76186
1.75447
1.75708
1.75611
1.75305
1.77012
1.75714
1.75863
1.75576
1.76656
1.75077
1.75019
1.7519
1.75629
1.7558
1.76356
1.76011
1.7619
1.7586
1.76569
1.77022
1.75724
1.76112
1.76513
1.77524
1.75934
1.75891
1.75028
1.75987
1.75502
1.75889
1.76402
1.75912
1.75086
1.76054
1.76178
1.75706
1.76875
1.77196
1.93126
2.05148
1.92186
1.81406
1.83388
1.81317
1.80184
1.7891
1.87602
1.88299
1.7984
1.82436
1.82409
1.98474
1.78922
1.78396
1.79572
1.8011
1.9418
1.78342
1.77141
1.8219
1.77292
1.75647
1.76725
1.76992
1.76502
1.76215
1.81345
1.8038
1.76175
1.75801
1.76053
1.76072
1.76253
1.75533
