0.0053147
0.0055407
0.0054936
0.0056487
0.0054687
0.0054807
0.0053197
0.0053341
0.0053329
0.0052848
0.0053115
0.0053108
0.0053803
0.0053677
0.0053806
0.0053549
0.0053662
0.0053679
0.0053627
0.0053041
0.0053088
0.0053102
0.0052904
0.005288
0.0053219
0.0052893
0.0054219
0.0054103
0.005532
0.0054969
0.005281
0.0053588
0.005362
0.005318
0.0053134
0.0054536
0.0052991
0.0053184
0.005324
0.0052965
0.005348
0.0053444
0.0053247
0.0053678
0.0053337
0.0053631
0.0053248
0.0053165
0.0053858
0.0053125
0.0053391
0.0053128
0.0053473
0.0053428
0.0053026
0.0053078
0.0053155
0.0053327
0.0052817
0.0052997
0.0053153
0.0053258
0.0053161
0.0053287
0.005293
0.0052884
0.0058314
0.0052936
0.0053977
0.0053611
0.0053049
0.0052928
0.0053995
0.0053052
0.0053248
0.0052975
0.005311
0.0053091
0.0054136
0.0052837
0.0053046
0.0053391
0.0053164
0.0052989
0.0053144
0.0054246
0.0053709
0.0056267
0.0054001
0.0053395
0.0053152
0.0053077
0.0052764
0.0052832
0.0053089
0.0053007
0.0052883
0.0053209
0.0053164
0.0053284
