0.0365918
0.0365288
0.0365801
0.0365954
0.0366596
0.0366979
0.0366757
0.0367901
0.0367072
0.0371261
0.0367329
0.0368299
0.0366902
0.0366826
0.036678
0.0366666
0.0365195
0.036301
0.0368357
0.0363276
0.0362929
0.0363285
0.0363515
0.0363052
0.0367325
0.0366502
0.036304
0.036317
0.0363301
0.0363814
0.0364889
0.0362777
0.0368817
0.036318
0.0363954
0.0363138
0.036348
0.0362894
0.0363462
0.0361847
0.0362177
0.0361842
0.0361347
0.0363011
0.0364889
0.0361406
0.0361679
0.036164
0.0361458
0.0362013
0.03615
0.0363428
0.0366522
0.0364488
0.0363408
0.0364031
0.0369868
0.0363919
0.0364387
0.03637
0.036935
0.036532
0.0368687
0.0368032
0.0366664
0.036778
0.0366694
0.0366925
0.0366662
0.0369848
0.0372229
0.0366796
0.0369243
0.0371326
0.0365702
0.0365325
0.0365885
0.0365597
0.0365046
0.0366462
0.0365366
0.0365366
0.0365706
0.0365216
0.0365579
0.0365941
0.0366429
0.0367311
0.0366659
0.0366251
0.0366687
0.0366534
0.0367069
0.0367346
0.0367254
0.0371344
0.0366494
0.0366884
0.0367122
0.0366409
