0.14441
0.144812
0.144005
0.144213
0.143885
0.143441
0.143782
0.145753
0.144475
0.144649
0.143756
0.143877
0.14382
0.144682
0.145049
0.144844
0.145672
0.145604
0.145579
0.145594
0.143771
0.144032
0.143596
0.143677
0.145125
0.144586
0.143908
0.143959
0.144097
0.145028
0.144506
0.144419
0.144174
0.144133
0.145297
0.144626
0.144295
0.145377
0.143604
0.143486
0.143479
0.143698
0.143499
0.143412
0.144469
0.144009
0.144987
0.145253
0.145602
0.144868
0.144126
0.144125
0.143972
0.143152
0.143114
0.143887
0.144073
0.144916
0.144131
0.144371
0.144464
0.144345
0.144362
0.144418
0.145534
0.144637
0.145759
0.14481
0.146091
0.146056
0.14511
0.144261
0.144369
0.144312
0.144579
0.144696
0.145004
0.142778
0.142331
0.142455
0.144237
0.144192
0.144072
0.145609
0.145519
0.144645
0.144857
0.144256
0.144382
0.144496
0.144529
0.144568
0.143582
0.143723
0.144407
0.145037
0.144328
0.145122
0.144328
0.144229
