0.901703
0.899746
0.898351
0.89654
0.900758
0.906107
0.932277
0.897256
0.900638
0.907981
0.902238
0.907325
0.891081
0.896366
0.901713
0.897547
0.904057
0.903032
0.897724
0.931363
1.02316
0.977129
0.996685
0.894583
0.903934
0.896676
0.898982
0.895502
0.90127
0.8977
0.903923
0.907896
0.903934
0.89812
0.901806
0.946203
0.98461
0.915224
0.923305
0.897533
0.900533
0.910699
0.902275
0.896648
0.902375
0.897749
0.893937
0.904437
0.902067
0.921214
0.930479
0.890554
0.89874
0.903341
0.912221
0.897312
0.893975
0.902892
0.908447
0.900859
0.897143
0.902271
0.900918
0.895526
0.906758
0.896605
0.89666
0.904435
0.900113
0.901934
0.895727
0.894838
0.892207
0.902203
0.901158
0.902253
0.89705
0.933275
0.899453
0.900847
0.898043
0.895947
0.915068
0.901082
0.902957
0.90599
0.889899
0.892002
0.900677
0.895735
0.894867
0.896116
0.90108
0.905631
0.897
0.901453
0.898361
0.898988
0.896982
0.892145
