0.580043
0.570214
0.574158
0.576186
0.575886
0.57234
0.575546
0.579525
0.575553
0.576336
0.575688
0.582912
0.576633
0.578577
0.576833
0.580284
0.57127
0.574979
0.621963
0.57972
0.576084
0.604109
0.574222
0.571502
0.579029
0.576386
0.577732
0.573081
0.576832
0.576752
0.577157
0.578733
0.576572
0.575632
0.583828
0.576355
0.575059
0.576161
0.574168
0.580309
0.574536
0.616217
0.575793
0.576459
0.576461
0.576244
0.578822
0.576418
0.577999
0.573689
0.576379
0.605132
0.573734
0.574121
0.578242
0.579468
0.579627
0.574923
0.57529
0.575568
0.572913
0.574422
0.573159
0.58175
0.573765
0.596629
0.574827
0.573693
0.578344
0.578682
0.570883
0.579899
0.579288
0.574446
0.574993
0.579677
0.574015
0.575341
0.575108
0.577762
0.571848
0.574973
0.577415
0.578379
0.574
0.57387
0.572629
0.578479
0.575254
0.579756
0.574768
0.57631
0.570585
0.576698
0.620139
0.575385
0.58033
0.572546
0.576713
0.579855
