0.003408
0.0034074
0.0034209
0.003417
0.0034323
0.0034379
0.003418
0.003407
0.0034399
0.003446
0.003409
0.0034281
0.0034181
0.0034135
0.0034121
0.0034226
0.0034143
0.0034149
0.0034162
0.0034139
0.0034313
0.0034147
0.0034138
0.0034198
0.0034179
0.0034237
0.0034341
0.0034395
0.0034155
0.0034235
0.003422
0.0034542
0.003421
0.0034241
0.0034142
0.0034098
0.0034165
0.003411
0.0034274
0.003412
0.0034218
0.0034211
0.0034391
0.0034161
0.0034097
0.0034332
0.0034171
0.0034238
0.003414
0.0034552
0.0034104
0.0034161
0.0034208
0.003434
0.0034093
0.0034133
0.0034063
0.0034125
0.0034096
0.0034136
0.0034216
0.0034155
0.0034327
0.0034219
0.0034231
0.0034091
0.0034043
0.0034088
0.0034234
0.0034124
0.0034331
0.0034166
0.0034099
0.0034335
0.0034391
0.0034293
0.0034133
0.0034161
0.0034099
0.0034172
0.0034201
0.0034091
0.0034192
0.0034089
0.0034216
0.0034157
0.0034232
0.0034046
0.0034134
0.0034104
0.0034162
0.0034248
0.0034146
0.0034298
0.0034052
0.003478
0.0034194
0.0034318
0.0034588
0.0034195
