0.0028283
0.0028854
0.0027999
0.0027745
0.0027914
0.0030506
0.0027772
0.0028084
0.002761
0.0028193
0.0027698
0.0027738
0.0027801
0.0028061
0.0028691
0.0027839
0.0027986
0.0027674
0.0027594
0.0027865
0.0029292
0.0027806
0.0028114
0.0027843
0.0028116
0.0029253
0.0027748
0.0028477
0.0028437
0.0029061
0.0028111
0.0028226
0.0028021
0.0027892
0.0028189
0.0028004
0.0028639
0.0027862
0.002759
0.0029134
0.002819
0.0028104
0.0029546
0.0029073
0.0028153
0.0029278
0.0029749
0.0028441
0.002815
0.0029933
0.0027879
0.002851
0.0028037
0.00283
0.0028331
0.0028257
0.0027823
0.0028081
0.0028286
0.0027678
0.0027951
0.002858
0.0027637
0.0027946
0.0029249
0.0027817
0.0027481
0.0028268
0.0027819
0.0028624
0.0029357
0.0027676
0.0029258
0.0028255
0.0027787
0.002827
0.0027948
0.0027904
0.0028006
0.0029978
0.0027981
0.0028871
0.0027703
0.0027941
0.0028687
0.0028173
0.0029484
0.0028002
0.0028255
0.0027873
0.0027688
0.0028395
0.0028368
0.0028051
0.0027821
0.0028034
0.0027796
0.0029192
0.0027993
0.0027767
