0.0113131
0.0112445
0.0112438
0.0113366
0.0112848
0.0113636
0.0114801
0.0113899
0.0112491
0.0112826
0.0114577
0.011169
0.0113164
0.0113026
0.0111722
0.0111941
0.0112743
0.0111937
0.0112128
0.0111887
0.0111672
0.0111741
0.0111774
0.0113208
0.0113073
0.0112726
0.0112606
0.0112502
0.0111868
0.0112895
0.0111692
0.0111676
0.0111541
0.0112555
0.0112349
0.0111527
0.0111722
0.0111636
0.0112159
0.0111763
0.011166
0.0111803
0.0112014
0.0113223
0.011437
0.0111684
0.0115609
0.0112046
0.0112241
0.0112442
0.0111629
0.0113461
0.0112176
0.0112189
0.011161
0.0111703
0.0111662
0.0112482
0.011212
0.0112088
0.0111887
0.0112833
0.011162
0.0111572
0.0112408
0.011163
0.0114132
0.0193989
0.0112064
0.0111995
0.0111539
0.011179
0.0111727
0.0112127
0.0111743
0.0113724
0.0111464
0.0111919
0.0112143
0.0112789
0.011201
0.0111858
0.0112097
0.0112535
0.0112069
0.0125308
0.0111767
0.0111681
0.0112627
0.0111856
0.0112826
0.011282
0.0111612
0.0113111
0.01116
0.0111723
0.0111645
0.0111806
0.0111668
0.0112848
