2.20368
2.19352
2.17497
2.18459
2.20561
2.17787
2.18718
2.17341
2.17581
2.18526
2.18634
2.18935
2.18521
2.1962
2.20415
2.19514
2.18629
2.19754
2.18276
2.17549
2.18339
2.17855
2.17464
2.22201
2.17508
2.18831
2.17706
2.21182
2.18107
2.1766
2.18459
2.18016
2.18195
2.18916
2.19132
2.17508
2.17604
2.17822
2.1835
2.17899
2.19116
2.18539
2.1856
2.23078
2.19894
2.19182
2.18849
2.183
2.19586
2.19813
2.18869
2.18618
2.17451
2.19205
2.18178
2.18746
2.19317
2.17923
2.17794
2.18508
2.18623
2.18609
2.25766
2.18253
2.28665
2.24183
2.50397
2.29043
2.26657
2.2911
2.25127
2.2635
2.21451
2.36927
2.21534
2.21902
2.23504
2.22107
2.36512
2.25911
2.2342
2.21683
2.22641
2.29211
2.2148
2.1759
2.19667
2.1854
2.19337
2.18644
2.18643
2.18715
2.23343
2.2345
2.20253
2.17916
2.18757
2.18815
2.18891
2.1792
