0.0035035
0.0036926
0.0035494
0.003561
0.0035621
0.0037206
0.0038021
0.0036096
0.0039161
0.0035434
0.003491
0.0036668
0.003526
0.0034797
0.0035496
0.0035055
0.0035088
0.0036191
0.0035066
0.0036237
0.0036297
0.0040773
0.0035537
0.00349
0.0035887
0.0035466
0.0035292
0.0037097
0.0036686
0.0035557
0.0035775
0.0035323
0.0035576
0.0035079
0.0035192
0.0041415
0.0036009
0.0037704
0.0035992
0.0034826
0.0036266
0.0035843
0.003543
0.0035474
0.003521
0.0035457
0.0035037
0.0035443
0.0035189
0.0036838
0.0038004
0.0034918
0.0035104
0.0036261
0.003506
0.00354
0.0035657
0.0036172
0.0035372
0.0035329
0.0034994
0.0035557
0.0035014
0.0035277
0.003588
0.0035186
0.0035206
0.0035275
0.0036848
0.0035593
0.0035311
0.0035206
0.0035021
0.0035387
0.0035181
0.00356
0.0035171
0.0036437
0.0035351
0.0035282
0.0037537
0.0035507
0.0035283
0.0035389
0.0035209
0.0035215
0.0035199
0.0035163
0.0035362
0.003535
0.0035382
0.0034994
0.0034988
0.0035207
0.0035361
0.0036859
0.0035672
0.0034976
0.0035392
0.0035936
