1.10973
1.12348
1.11527
1.11209
1.11711
1.11292
1.16398
1.16048
1.11402
1.11155
1.13136
1.12046
1.10521
1.12136
1.11825
1.12232
1.12359
1.1126
1.11229
1.11036
1.13814
1.17554
1.27925
1.13859
1.12392
1.11157
1.11501
1.1121
1.12306
1.1162
1.12965
1.11715
1.11697
1.11914
1.12388
1.13461
1.19458
1.15204
1.11826
1.12658
1.1207
1.11939
1.11267
1.11195
1.11189
1.12143
1.11245
1.12423
1.14756
1.11162
1.18267
1.12317
1.11224
1.11285
1.11806
1.11306
1.10703
1.11734
1.12987
1.11519
1.11853
1.12086
1.21223
1.11086
1.1217
1.11726
1.1174
1.11567
1.11907
1.11155
1.11234
1.11701
1.11253
1.12078
1.1259
1.11166
1.11207
1.11444
1.11593
1.12139
1.10731
1.11448
1.11182
1.11614
1.11746
1.12563
1.1049
1.10778
1.11182
1.10945
1.11539
1.11661
1.11874
1.10713
1.11334
1.11256
1.11403
1.11733
1.11748
1.10584
