0.177553
0.177745
0.177408
0.177728
0.17689
0.178453
0.176918
0.178312
0.17975
0.178483
0.177055
0.178167
0.177329
0.177142
0.178363
0.178332
0.178528
0.1796
0.179435
0.180442
0.177195
0.177923
0.177436
0.176971
0.177994
0.178478
0.178523
0.17727
0.17743
0.178094
0.178024
0.178674
0.17978
0.17753
0.177567
0.17833
0.177704
0.178521
0.177345
0.176739
0.177136
0.176833
0.176532
0.177962
0.177337
0.177564
0.179402
0.178272
0.178285
0.178313
0.184998
0.177287
0.177371
0.17585
0.176104
0.177131
0.177195
0.177471
0.17749
0.177669
0.179031
0.178975
0.17886
0.177974
0.179053
0.178277
0.178469
0.178267
0.178661
0.178507
0.178685
0.177557
0.178564
0.178781
0.179353
0.179059
0.178198
0.175618
0.176564
0.175131
0.177585
0.178887
0.177372
0.177858
0.177882
0.178166
0.177868
0.177568
0.177584
0.177959
0.179283
0.178051
0.177694
0.177614
0.176798
0.177275
0.184431
0.177505
0.177563
0.177971
