0.0006622
0.0006611
0.0006662
0.0006641
0.0006608
0.0006613
0.0006603
0.00073
0.0006606
0.0006591
0.0006595
0.0006612
0.0006617
0.0006599
0.0006595
0.0006609
0.0006586
0.0006579
0.0006588
0.0006799
0.0006587
0.0006591
0.0006587
0.0006601
0.0006584
0.0006583
0.0006589
0.0006621
0.0006587
0.0006586
0.0006609
0.0006579
0.0006599
0.0006584
0.0006588
0.0007055
0.0006592
0.0006608
0.0006584
0.0006645
0.0006629
0.0006623
0.0006622
0.000663
0.0006916
0.0006634
0.0006619
0.0006662
0.0006613
0.0006913
0.0006622
0.0006679
0.0006652
0.0006651
0.0006684
0.0006645
0.0006662
0.0006679
0.0006648
0.0006658
0.0006719
0.0006645
0.0006921
0.0006693
0.0006733
0.0006701
0.0006696
0.000669
0.000671
0.0006699
0.0006697
0.0006673
0.0006666
0.0006681
0.0006647
0.0006648
0.0006748
0.0006606
0.0006621
0.0006643
0.000663
0.0006636
0.0006624
0.0006626
0.0006619
0.0006627
0.0006641
0.0006632
0.0006638
0.0006657
0.0006666
0.000666
0.000664
0.0006664
0.0006612
0.0006646
0.0006657
0.0006679
0.0006589
0.0006583
