0.40006
0.40271
0.405704
0.399911
0.411424
0.404722
0.403881
0.403409
0.436323
0.408596
0.405016
0.401283
0.402065
0.40582
0.406279
0.39902
0.39991
0.399839
0.40229
0.403599
0.403001
0.402367
0.404246
0.400849
0.402019
0.401656
0.397602
0.403428
0.40335
0.40122
0.402493
0.402971
0.40118
0.400011
0.400771
0.401458
0.401455
0.401199
0.399602
0.399517
0.426941
0.402621
0.405573
0.403568
0.405825
0.400893
0.399418
0.398002
0.403036
0.428244
0.40213
0.400399
0.403195
0.40021
0.403321
0.407081
0.404938
0.403734
0.40296
0.400535
0.402501
0.400378
0.400149
0.400962
0.402523
0.401495
0.401073
0.398866
0.402304
0.406095
0.404467
0.404585
0.40553
0.451134
0.400703
0.401975
0.398346
0.402247
0.402493
0.399551
0.401246
0.41577
0.404277
0.400561
0.404209
0.403399
0.404304
0.404237
0.40086
0.398948
0.40262
0.401613
0.404197
0.400362
0.399153
0.402547
0.404915
0.40435
0.405143
0.403048
