0.7154
0.707817
0.713093
0.72069
0.713465
0.710496
0.711407
0.716425
0.716661
0.730243
0.715004
0.716172
0.717756
0.714732
0.751026
0.714575
0.710712
0.715547
0.713049
0.714635
0.718291
0.712092
0.710652
0.707438
0.721143
0.713256
0.745239
0.71007
0.711437
0.710862
0.754993
0.712174
0.713647
0.73929
0.717761
0.717051
0.712792
0.722155
0.715616
0.714811
0.709953
0.715657
0.707731
0.714623
0.718158
0.743307
0.712534
0.71761
0.711503
0.720382
0.71125
0.715964
0.721297
0.711024
0.748853
0.720738
0.719503
0.751851
0.717192
0.713294
0.709842
0.742733
0.714433
0.716677
0.709782
0.712145
0.711782
0.710706
0.748118
0.714195
0.706291
0.714407
0.731494
0.711395
0.711935
0.712152
0.709469
0.718702
0.716678
0.71159
0.709177
0.716008
0.723975
0.716371
0.714294
0.714669
0.709114
0.751917
0.714413
0.715411
0.752174
0.712865
0.710042
0.709626
0.713526
0.717256
0.715698
0.708238
0.731345
0.713573
