0.0092983
0.0094204
0.0092466
0.009216
0.0092707
0.0092548
0.0092527
0.0092708
0.0092481
0.0092489
0.0092267
0.0093114
0.009336
0.0092528
0.0098217
0.0092583
0.0093585
0.009239
0.0092428
0.0096271
0.0093229
0.0093396
0.0092386
0.0092259
0.009843
0.0093853
0.0092254
0.0093103
0.009225
0.010833
0.0095197
0.009776
0.0092282
0.0096858
0.0109343
0.0092311
0.0096938
0.0097323
0.0092258
0.0094772
0.0093067
0.0092361
0.0098612
0.0098209
0.0092831
0.0095076
0.0092456
0.009837
0.0092308
0.0095228
0.0092367
0.0092167
0.0092467
0.0092141
0.0098752
0.0094645
0.0097458
0.0097384
0.0092516
0.0096628
0.0092115
0.0092241
0.0093277
0.0092174
0.0097571
0.0097264
0.0097761
0.0097654
0.0100541
0.0093796
0.0096603
0.009244
0.0092388
0.009227
0.0091774
0.0094531
0.0094626
0.0093049
0.0092382
0.009225
0.009232
0.0097648
0.0107626
0.0092354
0.0092621
0.0097357
0.009286
0.0092564
0.0092818
0.0093808
0.0095248
0.0098301
0.0092744
0.0092413
0.0092107
0.0092178
0.0092219
0.0092326
0.0094807
0.0092362
