0.0898012
0.0904001
0.0911666
0.0897885
0.0897795
0.0906934
0.0897818
0.0906343
0.09007
0.089952
0.0897743
0.0899458
0.0899903
0.0911115
0.0899004
0.0898989
0.0908075
0.0898521
0.0898866
0.0899707
0.0898504
0.0899117
0.091328
0.0902513
0.0900348
0.0897249
0.0898658
0.0901718
0.0897501
0.0907405
0.0907071
0.0900262
0.0908
0.0898372
0.0898359
0.0901066
0.0908842
0.0898193
0.0899509
0.0898124
0.0908979
0.0956031
0.0900035
0.0908225
0.0896971
0.0901897
0.0905817
0.0909084
0.089853
0.0898703
0.0904857
0.0909408
0.0897479
0.0899849
0.0908445
0.0899673
0.0897864
0.0905744
0.0897063
0.0897944
0.0910437
0.0897509
0.0901859
0.0909782
0.0897342
0.0898237
0.0898126
0.0897765
0.0898024
0.089891
0.0898146
0.0900149
0.089857
0.0902829
0.08988
0.0897389
0.0909071
0.0897557
0.0912791
0.0899766
0.0898228
0.0906788
0.0897609
0.0908223
0.0899824
0.0898075
0.0898612
0.0899269
0.090789
0.0899311
0.0898144
0.0901906
0.0908811
0.0898593
0.0901416
0.0907628
0.0923555
0.0899067
0.0899067
0.0904755
