0.0112047
0.0111922
0.0121446
0.0112326
0.0112717
0.0116063
0.0115966
0.0115318
0.0111997
0.0121437
0.0111967
0.0111923
0.011185
0.0122499
0.0126561
0.0111975
0.0112219
0.0112188
0.0112426
0.0112354
0.0112475
0.0112056
0.0112467
0.0112659
0.0112123
0.011345
0.0112062
0.0112054
0.0113726
0.0114065
0.0112265
0.0112279
0.0117456
0.011332
0.0114078
0.0111868
0.0112071
0.0118025
0.0114257
0.0112351
0.011404
0.0121324
0.011547
0.0112155
0.0125953
0.0111938
0.0113945
0.0112055
0.0112198
0.0127197
0.0114515
0.0127321
0.0112112
0.0124136
0.0112856
0.0111979
0.0111871
0.0112029
0.011195
0.011443
0.0119725
0.012236
0.0112058
0.0112084
0.0113346
0.0116372
0.0125521
0.0112294
0.0123259
0.0124728
0.0111844
0.0112913
0.0112176
0.0112069
0.0112503
0.0124929
0.0113212
0.0112649
0.01124
0.0112064
0.0115439
0.0112151
0.011192
0.0112056
0.0112132
0.0122302
0.0112007
0.0112321
0.0121049
0.0116925
0.0112449
0.0112007
0.011225
0.0112134
0.0111911
0.0111989
0.011208
0.0111962
0.0124635
0.0112169
