0.0051035
0.0050781
0.0050564
0.0051498
0.005084
0.0051931
0.005139
0.0052142
0.0052263
0.005324
0.0051296
0.0051197
0.0052067
0.0051238
0.0053918
0.0052125
0.0051928
0.0051048
0.0052897
0.0054935
0.0052921
0.0051233
0.0051796
0.0052917
0.0051795
0.0055017
0.0051558
0.0050854
0.0052926
0.0052527
0.0050512
0.0050847
0.0051333
0.0052366
0.0051209
0.0050876
0.0052195
0.0052022
0.0052126
0.0052607
0.0052763
0.0051861
0.0051512
0.0052407
0.0052548
0.0055813
0.005456
0.0051008
0.0050817
0.0051495
0.0051188
0.0050525
0.0051813
0.0051131
0.0051241
0.0051259
0.0051902
0.0051294
0.0056376
0.0051017
0.0050769
0.0050623
0.0051265
0.0051001
0.0051259
0.0054225
0.0051863
0.0051172
0.0051425
0.0051261
0.005231
0.0051444
0.0050957
0.0051998
0.0050609
0.0051253
0.0051613
0.0051903
0.0053505
0.0051073
0.0051748
0.0052556
0.0052275
0.0052644
0.0051672
0.0050522
0.0051616
0.005111
0.0051723
0.0051899
0.0050794
0.0050731
0.0051151
0.0052826
0.0050964
0.0051786
0.0051394
0.0052167
0.0051298
0.0052822
