0.157515
0.150009
0.14795
0.148399
0.153698
0.149384
0.148643
0.151002
0.148669
0.148691
0.150665
0.148079
0.149135
0.150432
0.148083
0.147946
0.147503
0.148427
0.149607
0.185824
0.160662
0.148281
0.150347
0.148924
0.149732
0.148231
0.151403
0.149358
0.149775
0.153279
0.183555
0.156881
0.148571
0.149335
0.14959
0.148286
0.157809
0.149292
0.218698
0.150948
0.148832
0.150646
0.149953
0.148982
0.151058
0.160388
0.328483
0.153659
0.192177
0.151073
0.148631
0.147907
0.14866
0.14841
0.147785
0.148404
0.151097
0.150362
0.148224
0.148778
0.149368
0.148135
0.150503
0.152228
0.147045
0.148479
0.150417
0.149017
0.148305
0.148256
0.147878
0.148804
0.152685
0.148783
0.149516
0.190571
0.153809
0.149922
0.152152
0.149991
0.154248
0.157303
0.150683
0.149518
0.150925
0.157344
0.178955
0.169591
0.166988
0.147824
0.150133
0.147785
0.147803
0.148751
0.150596
0.148409
0.147552
0.151331
0.147544
0.148615
