0.103123
0.103063
0.103439
0.104448
0.105266
0.104454
0.104109
0.103325
0.103895
0.104651
0.10343
0.105423
0.103592
0.10339
0.104521
0.105223
0.104769
0.104107
0.10525
0.104093
0.102992
0.104385
0.103329
0.104883
0.104315
0.103939
0.105018
0.103741
0.104999
0.104053
0.105387
0.104123
0.10319
0.103638
0.103204
0.105201
0.10363
0.105653
0.104377
0.102943
0.103423
0.103712
0.102732
0.104104
0.10365
0.10552
0.103961
0.103658
0.104032
0.104921
0.105411
0.103562
0.104857
0.102348
0.104978
0.103348
0.104203
0.10521
0.104213
0.105935
0.104604
0.10386
0.103246
0.102977
0.138908
0.102926
0.103773
0.104348
0.10384
0.10424
0.102684
0.105846
0.103651
0.10363
0.103131
0.104422
0.104862
0.103189
0.106468
0.104042
0.104226
0.104737
0.105441
0.104028
0.10273
0.104408
0.105446
0.106416
0.105375
0.103446
0.104526
0.105542
0.10304
0.10268
0.103083
0.105125
0.103122
0.10479
0.104025
0.103297
