2.24657
2.2426
2.22348
2.30734
2.22861
2.26552
2.23062
2.30493
2.24996
2.28725
2.30618
2.27729
2.25888
2.24511
2.23112
2.23381
2.25774
2.23223
2.26185
2.27289
2.29502
2.25775
2.25449
2.24127
2.23574
2.23453
2.24035
2.23113
2.22477
2.26841
2.2706
2.27121
2.26865
2.23542
2.25639
2.23759
2.23217
2.23177
2.2626
2.36411
2.2365
2.22569
2.24421
2.25748
2.22396
2.24116
2.2328
2.22495
2.23576
2.26573
2.23236
2.2345
2.23834
2.23591
2.34877
2.29364
2.3636
2.23842
2.23471
2.22591
2.22885
2.22531
2.23732
2.25329
2.23068
2.23618
2.23493
2.29241
2.2589
2.26338
2.26338
2.28117
2.24482
2.23122
2.21778
2.23027
2.23713
2.27574
2.28068
2.26371
2.26618
2.26065
2.26437
2.26728
2.2332
2.23583
2.22664
2.23752
2.29253
2.29376
2.26071
2.21766
2.2631
2.26664
2.22708
2.23853
2.22415
2.21813
2.22942
2.24799
