0.460573
0.408498
0.408942
0.411771
0.408391
0.408043
0.443517
0.406985
0.416262
0.411487
0.406215
0.409505
0.407318
0.412701
0.415998
0.413249
0.407973
0.406116
0.418568
0.408749
0.408187
0.409324
0.412609
0.407077
0.41276
0.414438
0.409783
0.434621
0.408348
0.413273
0.40857
0.406746
0.409396
0.410796
0.415505
0.410037
0.409969
0.407524
0.406953
0.408597
0.40934
0.409168
0.410417
0.406886
0.416279
0.410784
0.406612
0.407309
0.416378
0.413369
0.408868
0.409121
0.410736
0.415412
0.408288
0.415004
0.41533
0.407531
0.408365
0.408905
0.407717
0.406681
0.405444
0.413096
0.44555
0.410916
0.407695
0.408368
0.415475
0.407132
0.415328
0.411497
0.409049
0.409451
0.416351
0.412331
0.406823
0.40652
0.408007
0.410403
0.409116
0.408474
0.412062
0.419709
0.407266
0.414982
0.40881
0.414361
0.409599
0.413195
0.413865
0.406402
0.406854
0.406655
0.414965
0.407673
0.413465
0.404824
0.407909
0.409895
