0.0098006
0.0098201
0.0099792
0.0098042
0.0099316
0.010824
0.0098347
0.0097781
0.0097684
0.009808
0.0101421
0.0097938
0.0106911
0.0110426
0.0097768
0.0098079
0.0098113
0.0104251
0.0098624
0.0107293
0.0111415
0.0098379
0.0097828
0.0099135
0.0101815
0.0097955
0.0107199
0.0111133
0.0097676
0.0097859
0.0097707
0.0098238
0.0101345
0.0100566
0.0101738
0.0101059
0.0097727
0.009808
0.0097717
0.0100601
0.0099172
0.0103778
0.0107214
0.0098475
0.0097701
0.0097737
0.0097851
0.0097657
0.0100063
0.0102424
0.0097851
0.009805
0.0097665
0.0097749
0.0097964
0.0102099
0.01056
0.0098004
0.0111397
0.0097759
0.0097822
0.0097704
0.0098992
0.0101725
0.0104337
0.0107926
0.0111507
0.0097721
0.0098057
0.0098309
0.0100311
0.0098038
0.0099828
0.010833
0.0112186
0.0097806
0.0097758
0.0098964
0.0100507
0.0098531
0.0107259
0.0099208
0.009833
0.0097903
0.009769
0.0098479
0.0099819
0.0099215
0.0099349
0.009825
0.0111006
0.0097732
0.0097694
0.0097859
0.0098297
0.0101826
0.0104823
0.010823
0.011147
0.0098703
