0.290735
0.29428
0.290802
0.294137
0.292034
0.296618
0.291932
0.290464
0.293913
0.29449
0.290258
0.290165
0.295916
0.29078
0.293765
0.306917
0.293185
0.290855
0.290613
0.314233
0.320746
0.331311
0.301521
0.297668
0.299762
0.293805
0.298983
0.294479
0.299156
0.297094
0.294161
0.296741
0.293303
0.297589
0.293135
0.297555
0.298165
0.29573
0.293488
0.293558
0.296764
0.293453
0.322404
0.29838
0.29293
0.294138
0.293104
0.297381
0.322348
0.291836
0.293687
0.292496
0.294157
0.297887
0.292783
0.292804
0.293772
0.293435
0.292259
0.292363
0.296672
0.292818
0.297959
0.293316
0.297818
0.293653
0.295552
0.297901
0.29228
0.299303
0.293024
0.29958
0.293821
0.309049
0.297397
0.294735
0.29637
0.29448
0.29651
0.325385
0.2959
0.297665
0.304105
0.296403
0.294669
0.297306
0.293379
0.292865
0.296512
0.29692
0.292403
0.298201
0.296946
0.292572
0.29288
0.328622
0.291934
0.293766
0.293206
0.297893
