5.28e-05
5.23e-05
5.29e-05
5.23e-05
5.22e-05
5.29e-05
5.3e-05
5.23e-05
5.23e-05
5.35e-05
5.24e-05
7.12e-05
5.36e-05
5.24e-05
5.45e-05
5.24e-05
5.25e-05
5.25e-05
5.24e-05
5.25e-05
5.23e-05
5.24e-05
5.31e-05
5.26e-05
5.24e-05
5.25e-05
5.28e-05
5.25e-05
5.27e-05
5.28e-05
5.31e-05
5.26e-05
5.28e-05
5.26e-05
5.26e-05
5.29e-05
5.33e-05
5.27e-05
5.23e-05
5.26e-05
5.27e-05
5.26e-05
5.27e-05
5.25e-05
5.32e-05
5.27e-05
5.26e-05
5.27e-05
5.24e-05
5.26e-05
5.31e-05
5.22e-05
5.27e-05
5.24e-05
5.24e-05
5.36e-05
5.23e-05
5.26e-05
5.24e-05
5.29e-05
5.26e-05
5.24e-05
5.25e-05
5.23e-05
5.29e-05
5.28e-05
5.36e-05
5.23e-05
5.3e-05
5.23e-05
5.25e-05
5.27e-05
5.24e-05
5.36e-05
5.23e-05
5.26e-05
5.23e-05
5.24e-05
5.31e-05
5.21e-05
5.23e-05
5.24e-05
5.27e-05
5.23e-05
5.23e-05
5.26e-05
5.24e-05
5.28e-05
5.25e-05
5.26e-05
5.25e-05
5.22e-05
5.25e-05
5.26e-05
5.23e-05
5.23e-05
5.3e-05
5.25e-05
5.35e-05
5.26e-05
