1.1698
1.16935
1.18873
1.16763
1.18594
1.18059
1.19419
1.16902
1.16945
1.19444
1.16848
1.17258
1.20486
1.17047
1.18626
1.20666
1.16804
1.16962
1.17127
1.17004
1.18737
1.19232
1.17408
1.18436
1.20176
1.20259
1.1694
1.17934
1.1685
1.16819
1.19615
1.20542
1.17244
1.18145
1.17158
1.20504
1.16966
1.17047
1.19184
1.17493
1.26187
1.17223
1.24306
1.29981
1.3248
1.16981
1.16919
1.17036
1.17088
1.18852
1.17079
1.17465
1.17125
1.16975
1.17363
1.17269
1.1963
1.16812
1.16883
1.18467
1.17076
1.18486
1.16914
1.17955
1.16835
1.16966
1.17169
1.20728
1.18743
1.17004
1.16983
1.17353
1.16987
1.17019
1.18177
1.23892
1.24927
1.24359
1.24768
1.32017
1.2136
1.16581
1.2716
1.19506
1.2002
1.29336
1.2112
1.17291
1.16473
1.16779
1.17348
1.20727
1.17294
1.16737
1.1888
1.26466
1.37134
1.25361
1.19745
1.27387
