0.0067906
0.0067793
0.0061941
0.0068779
0.0061426
0.006132
0.0061907
0.0062057
0.0062261
0.0068559
0.0067763
0.006278
0.0061855
0.0061382
0.0061464
0.0062224
0.0061277
0.0061582
0.0061511
0.0061833
0.0061438
0.0062193
0.0065066
0.0061556
0.0063322
0.0062274
0.0061658
0.006661
0.0062712
0.0061777
0.0063055
0.0063301
0.0063586
0.0066437
0.0061616
0.0064736
0.006941
0.0061402
0.0067915
0.0062478
0.006783
0.0062511
0.0070804
0.0062154
0.0071021
0.0061644
0.0062733
0.0063652
0.0061244
0.006589
0.0063976
0.0063042
0.0062606
0.006456
0.0061469
0.0068106
0.0062255
0.0061598
0.0066323
0.006899
0.0061329
0.0065984
0.0063461
0.0065324
0.0061393
0.0062743
0.0061749
0.0129349
0.0061378
0.0061689
0.0062078
0.006436
0.0068068
0.0062364
0.00614
0.0069655
0.0075455
0.0065814
0.0067345
0.0067484
0.0067933
0.0062102
0.0064615
0.0064847
0.0061349
0.0069286
0.0066522
0.0062322
0.0064981
0.0068733
0.0061338
0.0061605
0.0066316
0.006139
0.0069005
0.0073931
0.0086317
0.0076496
0.0061674
0.0064989
