0.002401
0.0024005
0.0024004
0.0024049
0.0024016
0.0024911
0.0023997
0.0023997
0.0024016
0.0024016
0.0024096
0.002565
0.0024022
0.002403
0.0025152
0.0024038
0.0024059
0.0024779
0.0024012
0.0024006
0.0024017
0.0024137
0.0024024
0.0024238
0.0024117
0.0024013
0.0027396
0.0024141
0.0023997
0.0024571
0.0024013
0.0024143
0.0024222
0.002408
0.0024003
0.0027325
0.0024029
0.0024013
0.0024005
0.0024004
0.0024011
0.0024003
0.0024011
0.0024039
0.0024072
0.0029578
0.0025226
0.0024008
0.0025158
0.0024007
0.0024001
0.0024001
0.0024371
0.0024019
0.0024088
0.0024049
0.0024021
0.0024045
0.002402
0.0024016
0.002404
0.0024021
0.0024019
0.0024107
0.00241
0.0024043
0.002405
0.0024242
0.0024004
0.0024025
0.0024004
0.0024
0.0024013
0.0024087
0.0024795
0.0026408
0.0023994
0.0024017
0.0025636
0.0024639
0.0024043
0.0026481
0.0024022
0.0024041
0.002403
0.0024347
0.0024067
0.0024003
0.0024017
0.0024036
0.0024399
0.0024041
0.0024012
0.0024004
0.0024
0.0024521
0.0024038
0.0023997
0.0027092
0.0024033
