0.0383271
0.0373756
0.0377178
0.0386245
0.0378384
0.0380562
0.0377538
0.0380372
0.0380239
0.0380838
0.0374406
0.0380705
0.0376436
0.0381854
0.0380191
0.0384654
0.0382089
0.0376665
0.0372568
0.0377427
0.0378282
0.0379782
0.0377187
0.0375712
0.0377591
0.0384989
0.0379831
0.0373942
0.0386263
0.037967
0.037983
0.0380817
0.0378355
0.0380521
0.0379918
0.0374606
0.0374637
0.0378646
0.0379239
0.0378498
0.0381278
0.0380359
0.0375453
0.0381875
0.0376748
0.0376384
0.0382962
0.0380366
0.0387318
0.0384093
0.0378835
0.0378938
0.0380081
0.038309
0.0384615
0.0378222
0.038057
0.0379801
0.0378578
0.0378345
0.0381561
0.0379795
0.0381345
0.0381232
0.0378061
0.038184
0.0372768
0.0379624
0.0375565
0.0381387
0.0379156
0.0377693
0.0381073
0.0384862
0.0373613
0.0377969
0.0378982
0.0381601
0.0378542
0.0374584
0.0382741
0.0379444
0.0376693
0.0381921
0.0386836
0.0381646
0.0376143
0.0373148
0.0378721
0.0379841
0.0383527
0.0377494
0.0378154
0.0380719
0.0385935
0.0381442
0.0387182
0.038016
0.0380166
0.0378589
