1.15091
1.13685
1.13547
1.14063
1.13289
1.15584
1.14312
1.1482
1.13878
1.28386
1.17539
1.18232
1.16711
1.13727
1.13094
1.15206
1.16787
1.15384
1.13686
1.15875
1.51082
1.15827
1.13935
1.163
1.19239
1.1855
1.17332
1.16892
1.19556
1.16332
1.16211
1.16443
1.147
1.14836
1.15428
1.13209
1.15121
1.13035
1.15484
1.13074
1.17878
1.14988
1.13914
1.144
1.19176
1.23806
1.17606
1.21692
1.13295
1.17087
1.15319
1.15647
1.17208
1.15573
1.13942
1.15642
1.13871
1.258
1.21476
1.16703
1.15645
1.14178
1.16097
1.16296
1.15063
1.15568
1.14258
1.17315
1.13861
1.12922
1.14938
1.13443
1.14683
1.13867
1.13863
1.14452
1.13446
1.1614
1.14062
1.18819
1.13348
1.14426
1.13435
1.14725
1.1392
1.13792
1.14764
1.15327
1.14042
1.13345
1.1338
1.15107
1.15261
1.14658
1.14806
1.13625
1.14906
1.14277
1.15207
1.1365
