0.011236
0.0119417
0.0119101
0.0120186
0.0112447
0.0112702
0.0115315
0.0112339
0.0114444
0.0114899
0.0119993
0.0116404
0.0112841
0.0115289
0.0113116
0.011635
0.0112311
0.0119889
0.0113351
0.011312
0.0116089
0.0114436
0.0112575
0.0119261
0.0114644
0.011313
0.011222
0.011831
0.0115203
0.0116178
0.0117726
0.0122764
0.0112379
0.0114093
0.0119185
0.0112573
0.0125277
0.0119372
0.0130875
0.0115725
0.0112972
0.0118474
0.0118169
0.0112507
0.011273
0.0112752
0.0159991
0.0116808
0.0113972
0.011526
0.0122375
0.0112447
0.0113344
0.0113035
0.0112318
0.0113032
0.0112436
0.0112842
0.0112569
0.0112822
0.0114916
0.0112671
0.0113374
0.0113321
0.0115213
0.0117895
0.0112436
0.0116378
0.0113887
0.011247
0.0112873
0.0114568
0.0112392
0.0114005
0.0113117
0.0120234
0.0120482
0.011314
0.0177912
0.0119177
0.0125373
0.0145748
0.0117619
0.0117704
0.0116682
0.0125011
0.0122572
0.0114437
0.0113121
0.0112507
0.0118863
0.0113033
0.0112346
0.0118788
0.0116273
0.0116292
0.0118241
0.0113618
0.0115219
0.0116046
