0.0020234
0.0020214
0.0020187
0.0020198
0.0020211
0.0020272
0.0020186
0.0020193
0.0021519
0.0020187
0.0020232
0.002027
0.0020189
0.0020186
0.0020273
0.0021745
0.0020207
0.0020193
0.0020223
0.0020184
0.0020205
0.0020182
0.0022422
0.0020222
0.0020282
0.0020241
0.0020213
0.0020196
0.0020191
0.0021347
0.0020221
0.0020185
0.0020208
0.0020295
0.0020231
0.002023
0.0020193
0.0020187
0.0020415
0.0020347
0.0020301
0.002019
0.0020187
0.0020227
0.0020186
0.002019
0.0021623
0.0020409
0.0020207
0.0020188
0.0020188
0.0020509
0.0020196
0.0023098
0.0020198
0.002018
0.0020271
0.002029
0.0020232
0.0020274
0.0020345
0.0023737
0.0020227
0.0020213
0.0020185
0.0020193
0.0020212
0.0020267
0.00222
0.0020193
0.0020189
0.0020188
0.0020214
0.0020269
0.0020187
0.002019
0.0022904
0.0020191
0.002019
0.0020212
0.0020187
0.0020258
0.0020254
0.0020182
0.0021175
0.002019
0.0020188
0.0020214
0.0020288
0.0020217
0.002024
0.0020187
0.002051
0.0025219
0.0020221
0.0020293
0.0020187
0.0020216
0.002025
0.0021605
