0.0016562
0.0021178
0.0016612
0.0016544
0.0020458
0.001658
0.0024041
0.0018156
0.0016556
0.0040451
0.0018063
0.0023216
0.0016741
0.0018594
0.0016577
0.0020771
0.001662
0.0019557
0.00166
0.00166
0.0016578
0.0018797
0.0016613
0.0016666
0.0017198
0.0016616
0.0019207
0.0016617
0.0017136
0.0016608
0.0016561
0.0020393
0.0016717
0.0019654
0.0016621
0.0016544
0.0016602
0.0016558
0.0016631
0.0016558
0.0020163
0.0016725
0.0016614
0.0017012
0.001697
0.0021624
0.0016625
0.0028366
0.0018099
0.0019851
0.0016587
0.0016593
0.0016615
0.0016666
0.0016622
0.001656
0.0016552
0.0017172
0.0017981
0.0016642
0.0016561
0.0016643
0.0016564
0.0042768
0.001656
0.0020594
0.0017754
0.0016558
0.0049343
0.0016544
0.0049888
0.0016548
0.0020926
0.0016681
0.0016596
0.0016822
0.0021917
0.0016585
0.0020233
0.0016677
0.0016564
0.0020882
0.0018861
0.0019096
0.0019979
0.0016617
0.0016547
0.0022567
0.0016548
0.0027301
0.0016618
0.0016646
0.0018702
0.0016544
0.0020955
0.0016587
0.0022353
0.0016562
0.0016555
0.0019001
