2.64419
2.61659
2.6129
2.61605
2.65233
2.61211
2.613
2.6128
2.61307
2.61847
2.64684
2.6213
2.61665
2.61211
2.61382
2.61275
2.65409
2.61222
2.61338
2.65413
2.61263
2.61303
2.64448
2.61584
2.61275
2.61307
2.64278
2.61419
2.65606
2.6567
2.61502
2.652
2.61705
2.61266
2.6163
2.61258
2.61301
2.65101
2.61271
2.6128
2.65032
2.61381
2.61585
2.62511
2.61674
2.6127
2.61494
2.61236
2.61261
2.61331
2.61662
2.61337
2.64741
2.61738
2.61207
2.61257
2.61375
2.61346
2.65391
2.64987
2.61166
2.61701
2.61837
2.6223
2.61201
2.61333
2.61843
2.6123
2.65021
2.61574
2.61387
2.65227
2.61699
2.61242
2.64865
2.6153
2.6227
2.61197
2.61231
2.61274
2.61217
2.61232
2.61256
2.6129
2.62319
2.61808
2.65328
2.61258
2.61802
2.61208
2.65073
2.62341
2.61294
2.65442
3.31413
3.02257
2.62661
2.62486
2.65849
2.62316
