0.202675
0.203767
0.209637
0.209458
0.203484
0.205139
0.201316
0.203541
0.200564
0.201629
0.203207
0.203291
0.203344
0.202068
0.202016
0.201633
0.204409
0.202775
0.201812
0.202757
0.203057
0.201266
0.202139
0.200661
0.201983
0.201603
0.203223
0.202638
0.199473
0.202922
0.200205
0.202542
0.203538
0.202298
0.200247
0.201262
0.203931
0.201657
0.200696
0.201611
0.20079
0.201102
0.20393
0.201964
0.202054
0.200521
0.20299
0.202029
0.202523
0.201428
0.202109
0.201257
0.202306
0.20194
0.201981
0.203982
0.203964
0.20356
0.202591
0.202556
0.202826
0.199731
0.201007
0.201512
0.200918
0.201174
0.201163
0.202103
0.201641
0.200718
0.210002
0.203358
0.202609
0.201844
0.201325
0.200979
0.201079
0.203344
0.20139
0.203023
0.200805
0.202183
0.202318
0.202368
0.201794
0.202655
0.203043
0.201998
0.202353
0.200636
0.203248
0.201791
0.20166
0.203122
0.201985
0.204502
0.201827
0.203679
0.202365
0.202157
