0.182276
0.183031
0.190629
0.181787
0.184177
0.181574
0.181077
0.181235
0.183976
0.18145
0.180666
0.180866
0.18173
0.180861
0.182412
0.191135
0.179546
0.212098
0.181853
0.180968
0.184904
0.181403
0.197594
0.183775
0.182709
0.180894
0.184468
0.179704
0.180804
0.184323
0.180634
0.181314
0.241943
0.186737
0.181061
0.188399
0.187281
0.182319
0.181986
0.216249
0.183054
0.181585
0.185254
0.181738
0.181359
0.180383
0.181577
0.182169
0.186745
0.188687
0.194787
0.183267
0.181461
0.180681
0.18291
0.181145
0.180848
0.186034
0.180537
0.181455
0.184115
0.180787
0.181218
0.182911
0.179119
0.182026
0.180928
0.183006
0.181184
0.183139
0.182463
0.181236
0.183551
0.181884
0.182069
0.181257
0.205116
0.22195
0.181841
0.186618
0.185205
0.185517
0.195903
0.185141
0.184047
0.18956
0.185878
0.227951
0.18529
0.180596
0.180049
0.182334
0.182781
0.185955
0.182598
0.18109
0.180154
0.181065
0.180439
0.181334
