0.002021
0.002021
0.0020189
0.0020211
0.0020247
0.0020223
0.0020236
0.0020323
0.0020192
0.0020193
0.0020294
0.0020233
0.0020215
0.0020208
0.0020615
0.0020194
0.0020247
0.002023
0.0020235
0.0020261
0.0020241
0.0024243
0.0020273
0.002027
0.0020192
0.0020265
0.0020237
0.0020188
0.0023799
0.0020236
0.0020238
0.0020222
0.0020242
0.0020201
0.0020262
0.0020258
0.0022055
0.0020402
0.0020205
0.0020191
0.0020236
0.0020252
0.0020191
0.0020189
0.0021259
0.0024062
0.002027
0.0020211
0.0020296
0.0020223
0.0020255
0.0021286
0.0020323
0.0020219
0.0020275
0.0020273
0.0020255
0.0020245
0.0020235
0.0023459
0.0020192
0.0020233
0.0020213
0.0020198
0.0020195
0.0020231
0.0020183
0.0024752
0.0020215
0.0020254
0.002019
0.002023
0.0020277
0.0020187
0.0020238
0.002029
0.0020193
0.0020191
0.0020203
0.0020222
0.0020245
0.0020244
0.0020423
0.0024881
0.0020265
0.0020258
0.0020228
0.0020249
0.0020269
0.0020243
0.0020263
0.0023124
0.0020235
0.0020191
0.0020191
0.0020247
0.0020256
0.0020191
0.0020228
0.0020209
