0.0084193
0.0087324
0.0081558
0.0082704
0.008311
0.0090349
0.0089979
0.0085441
0.0105917
0.0088561
0.0083103
0.0081798
0.0087131
0.0083166
0.0084383
0.0084136
0.0096074
0.0081629
0.0082085
0.0085137
0.0081841
0.0082688
0.0107822
0.0087896
0.0082882
0.0079196
0.0099932
0.0080083
0.0080567
0.0086614
0.0079953
0.0095614
0.0086555
0.0078478
0.0082747
0.008514
0.0082536
0.0087368
0.0080222
0.0084374
0.0086209
0.0167245
0.0080908
0.0084491
0.008173
0.0080895
0.008787
0.0083248
0.0088342
0.0080972
0.0086284
0.008075
0.0079655
0.0090021
0.0083102
0.0084123
0.0083195
0.0090581
0.0083188
0.0086773
0.0084955
0.0084049
0.008256
0.0085464
0.0081529
0.0086705
0.009252
0.0081078
0.0086516
0.0080852
0.0087707
0.0086754
0.0083262
0.0085338
0.0080039
0.0079453
0.0082715
0.008239
0.009023
0.0087691
0.0081712
0.0081712
0.0083571
0.008712
0.0080524
0.0081836
0.0083228
0.0080427
0.0083811
0.0086723
0.0082336
0.0086307
0.0079675
0.0083686
0.0091644
0.0083587
0.0079203
0.0081579
0.0078175
0.0080487
