0.0167964
0.0167213
0.0166418
0.016799
0.0163618
0.0167227
0.016819
0.0168845
0.0170184
0.0170232
0.0169442
0.0168432
0.0167893
0.0168217
0.0170286
0.0171391
0.0168939
0.0167677
0.0167386
0.0168959
0.0168324
0.0166409
0.0168983
0.0168428
0.0165369
0.0168492
0.0167147
0.016795
0.0167569
0.016555
0.0166357
0.0167937
0.0167825
0.0169212
0.0166528
0.0173238
0.0171022
0.0174992
0.0169284
0.0170112
0.0167223
0.0167172
0.0167652
0.0188365
0.0171083
0.0169335
0.0169355
0.0173121
0.0165174
0.0168708
0.0169151
0.0167634
0.0167818
0.0170512
0.0169786
0.016789
0.016866
0.0167829
0.0167559
0.0170267
0.0168786
0.0168462
0.0168613
0.0166776
0.0170067
0.0166546
0.0168597
0.0171342
0.0168105
0.0168075
0.0167963
0.0166762
0.0166963
0.0167054
0.0167934
0.0167391
0.0164949
0.0166876
0.0166831
0.0169552
0.016879
0.0167589
0.0167081
0.0168789
0.0169272
0.0168665
0.0168293
0.0166884
0.0168316
0.016793
0.0167181
0.0168273
0.0167823
0.0166894
0.0167645
0.0171424
0.016555
0.0168987
0.0168691
0.0167145
