0.275364
0.32008
0.2793
0.274938
0.273855
0.274095
0.288482
0.312648
0.340695
0.367056
0.293903
0.286363
0.304441
0.290879
0.29414
0.291859
0.289386
0.295597
0.277899
0.276849
0.287225
0.28088
0.298582
0.333137
0.317427
0.28293
0.279485
0.285519
0.289284
0.281284
0.27692
0.274217
0.329123
0.285334
0.282361
0.276718
0.278093
0.27937
0.285559
0.281402
0.286708
0.275912
0.276931
0.279483
0.281224
0.281894
0.29442
0.28179
0.275741
0.282454
0.282174
0.272869
0.281518
0.331127
0.279272
0.281536
0.329159
0.273179
0.274276
0.359492
0.28153
0.285117
0.287115
0.292326
0.295494
0.281503
0.289986
0.275353
0.271577
0.277756
0.273746
0.282998
0.298441
0.290316
0.28069
0.279482
0.277384
0.289734
0.274186
0.281547
0.277909
0.312113
0.275267
0.276338
0.319892
0.284769
0.283718
0.289566
0.282409
0.277594
0.282208
0.279112
0.285964
0.280547
0.279851
0.289009
0.282167
0.281882
0.283007
0.28005
