2.003
1.93331
1.97301
1.99171
1.97709
1.91361
1.91492
1.94207
1.94933
1.90648
1.9136
1.9244
1.94092
1.91575
1.91569
1.9407
1.92146
1.91348
1.91514
1.9455
1.99339
1.91203
1.95309
1.95254
1.95421
1.94443
1.94149
1.94064
1.98507
1.94412
1.91143
1.93402
1.83414
1.8423
1.84841
1.93651
1.85924
1.87774
1.87286
1.89647
1.92114
1.88011
1.91059
1.90961
1.8663
1.84954
1.89808
1.85687
1.85472
1.89146
1.85379
1.87853
1.85301
1.91482
1.87041
1.87526
1.91549
1.91215
1.85625
1.85514
1.85356
1.91416
1.87719
1.87944
1.8528
1.87761
1.86032
1.87566
1.90503
1.85247
1.85316
1.89087
1.88308
1.85556
1.93672
1.88997
1.85469
1.85662
1.86517
1.85585
1.88008
1.85271
1.90485
1.89314
1.85584
1.85169
1.91021
1.8628
1.90425
1.90842
1.89221
1.92633
1.87226
1.96068
1.96973
1.82538
1.82976
1.84831
1.86265
1.82315
