0.0013619
0.0013629
0.0013643
0.0014538
0.0013629
0.0013657
0.0014595
0.0013666
0.0013746
0.0013759
0.0013642
0.0013673
0.001376
0.0013642
0.0013654
0.0013797
0.001362
0.0013686
0.0014823
0.0013714
0.0013653
0.001381
0.0013617
0.0013639
0.0013618
0.0013641
0.0014155
0.0013618
0.0013724
0.0013661
0.0013648
0.0013645
0.0013641
0.0013663
0.001384
0.0013608
0.0013619
0.0013652
0.0013625
0.0013635
0.001364
0.0013638
0.0013628
0.0013623
0.0013621
0.001409
0.0013674
0.0013679
0.0013648
0.0013618
0.0013638
0.0013687
0.001363
0.0013619
0.001361
0.0013635
0.001366
0.0013605
0.0013645
0.0013682
0.0013677
0.0013615
0.0013661
0.0013618
0.0013644
0.001363
0.0013717
0.0013621
0.0013605
0.0013811
0.0013643
0.0013629
0.0013711
0.0013669
0.0013616
0.0013619
0.0013637
0.0013688
0.001365
0.0013632
0.001362
0.0013617
0.0013619
0.0013639
0.0013715
0.001372
0.0013668
0.0013606
0.0013623
0.0013629
0.0013617
0.0013633
0.0014151
0.0013644
0.0013658
0.0014645
0.0013643
0.0013663
0.0013747
0.0013616
