0.367357
0.362642
0.367397
0.363022
0.369527
0.362613
0.367508
0.361998
0.362005
0.365678
0.36166
0.362248
0.363988
0.366218
0.361782
0.390991
0.405498
0.365909
0.362429
0.402904
0.414665
0.374359
0.374718
0.40676
0.366502
0.373306
0.402826
0.369719
0.367323
0.370387
0.369461
0.365458
0.402812
0.365198
0.36903
0.366023
0.364842
0.367803
0.371071
0.365253
0.365175
0.369943
0.365287
0.364439
0.370572
0.368088
0.366406
0.367403
0.364696
0.364332
0.363998
0.36959
0.370336
0.364338
0.401597
0.365112
0.368164
0.365587
0.399842
0.368722
0.365373
0.370149
0.365206
0.364884
0.364354
0.368274
0.370532
0.365196
0.36982
0.364694
0.365048
0.366933
0.370597
0.370623
0.365039
0.368769
0.364704
0.369217
0.364254
0.370009
0.366894
0.36605
0.370802
0.364293
0.367942
0.366876
0.369447
0.365823
0.367464
0.378862
0.364898
0.370479
0.364847
0.368368
0.368214
0.364352
0.369014
0.364886
0.369723
0.365001
