0.0148365
0.0149415
0.0153337
0.0149391
0.0149919
0.0149815
0.0148667
0.0148632
0.0150881
0.0149593
0.0151231
0.0148612
0.0148903
0.0146439
0.0147146
0.0149293
0.0148358
0.0150188
0.0148829
0.0148717
0.0149312
0.0149058
0.0148968
0.0148698
0.0149393
0.0149847
0.0149243
0.0145954
0.0147088
0.0148981
0.0148429
0.0149464
0.0152665
0.0149282
0.0148414
0.0148321
0.0149214
0.0149274
0.0149064
0.0150047
0.0149165
0.0148862
0.0146359
0.0146065
0.014867
0.0149075
0.0149186
0.0148894
0.0149145
0.015113
0.0148993
0.0149204
0.0149098
0.0149052
0.0148912
0.0158056
0.0151328
0.0146104
0.0148641
0.0149076
0.014861
0.0149663
0.0149751
0.014985
0.0148143
0.0149234
0.0151879
0.0148992
0.0149517
0.0149617
0.0149285
0.0147079
0.0147725
0.0150407
0.0149662
0.0149657
0.0148711
0.0149596
0.0148898
0.0148829
0.0148554
0.015161
0.0149106
0.0151403
0.0148806
0.0146562
0.0147485
0.0151369
0.0148796
0.0148989
0.0148712
0.0148567
0.0149921
0.014709
0.0149569
0.0149444
0.0149401
0.0148617
0.0148599
0.0149479
