0.657617
0.662037
0.662948
0.66166
0.656088
0.657322
0.656097
0.656821
0.656393
0.657539
0.65904
0.657307
0.692562
0.655367
0.664092
0.662373
0.655089
0.698501
0.658091
0.656882
0.655676
0.656039
0.665002
0.65585
0.655412
0.655175
0.655328
0.69965
0.657667
0.65669
0.656425
0.689487
0.657296
0.655227
0.665757
0.655904
0.664947
0.665791
0.655415
0.655097
0.655667
0.656849
0.656867
0.658163
0.665085
0.657277
0.65515
0.65749
0.655443
0.666023
0.65628
0.655613
0.657211
0.657308
0.657253
0.660389
0.65976
0.662121
0.699903
0.655448
0.671892
0.655372
0.658237
0.658156
0.657137
0.656767
0.656087
0.655214
0.65521
0.654958
0.661202
0.662351
0.655729
0.655523
0.655887
0.657046
0.657011
0.671999
0.657802
0.656684
0.656591
0.655236
0.657932
0.664179
0.664616
0.659936
0.656486
0.658077
0.655731
0.656781
0.657859
0.664681
0.654976
0.656516
0.656019
0.655439
0.663036
0.658131
0.655924
0.657124
