0.934752
0.929316
0.913852
0.917209
0.910709
0.916636
0.920335
0.921517
0.95212
0.967734
0.91968
0.921639
0.927635
0.925909
0.911388
0.912725
0.921768
0.916783
0.919329
0.939588
0.961459
0.919586
0.933714
0.951559
0.980587
0.944454
0.929244
0.935308
0.934796
0.919628
0.941726
0.919128
0.911289
0.923797
0.919582
0.910607
0.91417
0.908731
0.915047
0.925674
0.927059
0.945822
0.916376
0.918
1.10414
0.996185
0.925417
0.916017
0.915626
0.925764
0.912525
0.917354
0.956299
0.912788
0.927342
0.915041
0.917918
0.912448
0.970589
0.917932
0.913994
0.929894
0.922708
1.00441
0.915493
0.918025
0.913026
0.913031
0.929
0.917659
0.910804
0.930689
0.909165
0.927684
0.915469
0.915623
0.910591
0.909792
0.919986
0.916258
0.930668
0.916003
0.927294
0.919273
0.91491
0.922438
0.919809
0.914189
0.918847
0.911344
0.924805
0.91273
0.912604
0.916683
0.92836
0.926652
0.91083
0.91995
0.913927
0.92739
