0.0029949
0.0029962
0.0030029
0.0030085
0.0029993
0.0030074
0.0032834
0.0030148
0.0029957
0.0030633
0.0030062
0.0029957
0.003026
0.0032049
0.0030091
0.0032502
0.0030305
0.003005
0.0029984
0.0030038
0.0030002
0.0030201
0.0031119
0.0029917
0.003003
0.0030022
0.0029992
0.0031221
0.0030101
0.0030173
0.0030217
0.0030063
0.0034651
0.0030019
0.0030039
0.0030026
0.0030193
0.0032157
0.003009
0.0030931
0.002992
0.0030007
0.003012
0.0030162
0.0032039
0.0030229
0.0030024
0.003008
0.0030046
0.0030169
0.003074
0.0031566
0.0029932
0.0029992
0.0030133
0.0030092
0.0030202
0.0029993
0.0030122
0.003013
0.002993
0.0033656
0.0030061
0.003033
0.0030053
0.0030124
0.0030277
0.0030051
0.0032713
0.0030068
0.003692
0.0029941
0.0030002
0.0030201
0.0029982
0.0032852
0.0030159
0.0030016
0.0029934
0.0029995
0.0033333
0.0029988
0.0031089
0.0030224
0.0029947
0.003013
0.0030053
0.0030689
0.0030038
0.0029981
0.003005
0.0029967
0.003073
0.003052
0.0030649
0.0030173
0.0030671
0.0030581
0.0031076
0.0035719
