0.990429
0.98885
0.996286
0.990625
0.991705
0.989443
0.995596
1.00053
0.99225
0.987733
0.984573
0.999711
0.991778
0.995002
0.984089
0.990292
0.992464
0.988906
0.984645
0.992566
0.988609
0.993838
0.996135
1.00484
1.02239
1.0068
1.0001
0.994269
0.992089
0.99697
0.993868
1.00194
1.01442
0.999748
0.99068
1.5825
0.995111
0.992027
0.999097
0.997606
0.997731
0.999129
0.997636
0.993973
0.994973
0.990748
0.994199
0.990734
0.9938
0.998289
0.992725
0.994131
0.988232
0.989111
0.98536
1.00713
0.996293
1.01691
0.988703
1.01987
0.987695
0.997928
0.988033
1.01149
0.986985
1.00405
0.986025
1.016
0.990022
1.01451
0.992964
0.995537
1.01114
0.988662
0.988609
0.990141
1.00274
0.989323
0.991655
0.996276
1.01729
0.997331
0.999552
0.995012
0.98956
0.988564
0.993072
1.01487
0.993821
0.985666
0.991181
0.991587
0.989714
0.994717
0.988499
1.00125
0.990759
0.989455
0.999166
0.990761
