1.63222
1.65387
1.63207
1.64434
1.6659
1.63673
1.65259
1.67497
1.70473
1.63917
1.6343
1.65662
1.63532
1.64648
1.64468
1.65054
1.69713
1.65996
1.64124
1.65841
1.65926
1.66539
1.64625
1.66737
1.64574
1.64255
1.71291
1.64004
1.64203
1.65709
1.67436
1.6549
1.67668
1.64285
1.67071
1.6553
1.64788
1.65232
1.63375
1.63803
1.64072
1.66264
1.66199
1.64761
1.64774
1.636
1.63777
1.69314
1.63908
1.69194
1.63877
1.6523
1.63634
1.64315
1.70265
1.64288
1.65177
1.69559
1.63768
1.67143
1.6647
1.63918
1.68312
1.66069
1.69716
1.6464
1.6464
1.64778
1.63467
1.65759
1.65111
1.64853
1.65108
1.64798
1.66902
1.65479
1.67641
1.6416
1.64205
1.66333
1.69423
1.64299
1.63332
1.6361
1.63785
1.65163
1.64432
1.63624
1.66839
1.63895
1.7091
1.68382
1.64419
1.64419
1.64656
1.63538
1.65633
1.67477
1.66663
1.66161
