0.0015604
0.0015656
0.001564
0.0015795
0.0015719
0.0015643
0.0016033
0.0015611
0.0015707
0.0015642
0.0015641
0.0015643
0.0015663
0.0015603
0.0016447
0.0015636
0.0015621
0.0015596
0.0015594
0.0015629
0.0015658
0.0015703
0.0015796
0.0015604
0.0015618
0.0015606
0.0015636
0.001564
0.0015573
0.001577
0.001714
0.0015652
0.0016037
0.0015671
0.001568
0.0015842
0.0015704
0.0017465
0.001562
0.0015662
0.0015603
0.0015682
0.0015667
0.0015676
0.0015636
0.0015637
0.0015704
0.0015657
0.0015615
0.0015621
0.0015619
0.0015627
0.0015617
0.0015745
0.0015721
0.0015644
0.0015639
0.0015611
0.0015661
0.0015688
0.0015741
0.0015675
0.0015606
0.0015642
0.0015672
0.0015602
0.0015626
0.0015725
0.0015979
0.0015612
0.0015665
0.0015631
0.001571
0.0015646
0.0015596
0.0015598
0.0015938
0.0015643
0.0015593
0.0015617
0.0015621
0.0015645
0.0015623
0.0015647
0.0015837
0.0015703
0.0015741
0.0015611
0.0015627
0.0015686
0.0015635
0.0016073
0.0015633
0.001561
0.0015636
0.0015656
0.0015592
0.0015712
0.0016017
0.0016399
