3.56867
3.65538
3.57363
3.57016
3.5665
3.56673
3.5753
3.57367
3.60529
3.56828
3.56778
3.56733
3.5676
3.56956
3.56582
3.57389
3.56344
3.57369
3.57412
3.57387
3.56968
3.57346
3.56824
3.56565
3.56562
3.56891
3.57118
3.56604
3.56904
3.56406
3.56431
3.57296
3.56864
3.5741
3.56688
3.56946
3.56779
3.5742
3.5676
3.57134
3.56534
3.56985
3.5719
3.56921
3.56677
3.56377
3.5733
3.56509
3.56609
3.56812
3.57173
3.57486
3.56719
3.56444
3.5761
3.57984
3.57301
3.56606
3.56364
3.57921
3.56699
3.58177
3.56813
3.56303
3.56967
3.56645
3.56348
3.56998
3.56832
3.56814
3.57182
3.5723
3.56629
3.57075
3.57214
3.56798
3.57386
3.56938
3.56792
3.5856
3.59787
3.5662
3.57112
3.56891
3.56391
3.57672
3.57647
3.56467
3.5697
3.57012
3.57652
3.5735
3.57884
3.57996
3.56652
3.56494
3.56398
3.56476
3.56327
3.57105
