0.0001337
0.0001307
0.000136
0.0001326
0.0001305
0.000132
0.0001308
0.0003483
0.0001323
0.0001318
0.000134
0.0001314
0.0001324
0.0001305
0.0022485
0.0001306
0.0003152
0.000142
0.0002425
0.0001351
0.0001311
0.0001307
0.0001357
0.0001319
0.0001319
0.000133
0.0001308
0.0001335
0.0001325
0.0001363
0.0001318
0.0001306
0.0001325
0.0001305
0.0001329
0.0001314
0.000138
0.000133
0.0001559
0.0001327
0.0001307
0.0003178
0.0001352
0.0001318
0.0001351
0.0001315
0.0001322
0.0001319
0.0001348
0.0001317
0.0001326
0.0001355
0.0001477
0.0001332
0.0001314
0.0001309
0.0001318
0.000131
0.0001317
0.000133
0.0001306
0.0001345
0.0001333
0.000132
0.0001324
0.0001332
0.000134
0.000131
0.0001305
0.0001327
0.0001318
0.0001315
0.0001307
0.0001327
0.0001323
0.0001307
0.0001305
0.0001338
0.0001315
0.0001725
0.0001324
0.0001304
0.0001361
0.0001399
0.0001329
0.0001397
0.0001307
0.000131
0.0001319
0.0001342
0.0001319
0.0001314
0.0001307
0.0001316
0.0001309
0.0001348
0.0001309
0.0001341
0.0001305
0.0001315
