0.0140917
0.0137738
0.013312
0.0138576
0.0133954
0.0137893
0.0133722
0.0134081
0.0132916
0.0139119
0.0132074
0.0137892
0.0131397
0.0140047
0.0138015
0.0131474
0.0131784
0.0138213
0.0131519
0.0133691
0.0133065
0.0131797
0.0132412
0.0131569
0.0132537
0.013572
0.0133497
0.0132757
0.013174
0.0132432
0.0133
0.0131477
0.0131457
0.0131607
0.0131817
0.0132473
0.0135968
0.0133941
0.0139234
0.0136388
0.0131738
0.0138766
0.0132334
0.0132595
0.013168
0.013432
0.0133271
0.0132821
0.0131437
0.0139856
0.0131762
0.0138972
0.0135216
0.0132863
0.0131787
0.0134409
0.0140551
0.0131915
0.0132289
0.0131585
0.0132603
0.0139373
0.0139396
0.0131738
0.0131974
0.0139254
0.0132504
0.0132186
0.0132291
0.0139462
0.0133617
0.0132793
0.0131951
0.01316
0.0131423
0.0136082
0.0131782
0.0131255
0.0131597
0.0134684
0.0131686
0.0132111
0.0139636
0.0132486
0.0131972
0.0133841
0.0132599
0.0132815
0.0132041
0.0131626
0.0131496
0.0131425
0.0131774
0.0131918
0.0131988
0.0131166
0.0131455
0.0131497
0.0131279
0.013156
