0.0448155
0.0460726
0.0442983
0.0442498
0.0449024
0.0462415
0.0456375
0.0454463
0.0453032
0.0448089
0.0453215
0.0448903
0.0444067
0.0450258
0.0446622
0.0451182
0.0444629
0.0452379
0.0452912
0.0448478
0.0452547
0.0457535
0.0450714
0.0453008
0.0448571
0.0456063
0.0448011
0.0447648
0.0456305
0.044644
0.0448283
0.0461117
0.045632
0.0454305
0.0446468
0.0452603
0.0449163
0.0453237
0.0444586
0.0452919
0.0447823
0.0448414
0.0447619
0.0447373
0.0446316
0.0450277
0.0453579
0.0452638
0.0452382
0.0447725
0.0450463
0.0451608
0.0445352
0.0448545
0.0445022
0.0454266
0.045463
0.0451225
0.0448656
0.0457878
0.0449904
0.0446177
0.0452361
0.044725
0.0450542
0.0449504
0.0459913
0.045336
0.0453437
0.0444426
0.0450171
0.0443915
0.0453673
0.0459662
0.0448949
0.0451363
0.045203
0.0447985
0.0451755
0.0447783
0.0452709
0.0453515
0.0450393
0.0451488
0.0445179
0.0448811
0.0449322
0.0455077
0.0452521
0.04439
0.0467535
0.0448479
0.0452945
0.0448695
0.0455739
0.0447749
0.0450805
0.0450369
0.0454355
0.0448628
