1.99588
1.98242
2.22509
1.94555
1.91074
1.91522
1.97921
1.99028
1.90656
1.95642
1.89729
1.97224
1.92005
1.93339
2.02977
1.93072
1.96779
1.95817
1.92241
1.90387
1.91858
1.97336
1.97514
1.918
1.94228
1.91831
1.94508
1.90658
1.91675
1.90774
1.92717
1.90571
1.87545
1.86113
1.83219
1.89126
1.8555
1.90599
1.94743
1.86145
1.85596
1.8925
1.8956
1.88374
1.868
1.96492
1.85902
1.88009
1.88243
1.9014
1.90642
1.86078
1.89337
1.8622
1.85693
1.90705
1.88843
1.85633
1.85386
1.85841
1.91231
1.89731
1.89407
1.86161
1.93933
1.90317
1.85329
1.88067
1.85743
1.85729
1.85356
1.85483
1.86062
1.88184
1.88462
1.86395
1.89631
1.92474
1.87512
1.87848
1.90082
1.87096
1.85301
1.85192
1.88075
1.85372
1.87379
1.86638
1.91348
1.92474
1.85401
1.85262
1.85817
1.88476
1.8584
1.82473
1.8389
1.92818
1.82638
1.82972
