0.0055507
0.005299
0.0052313
0.0052774
0.0053656
0.0052474
0.0053784
0.0053223
0.0052612
0.0054238
0.0052763
0.0052645
0.0053621
0.0052237
0.0055097
0.0053606
0.0053933
0.0052391
0.0054089
0.0052498
0.0053072
0.0055699
0.0053935
0.0053262
0.0052748
0.0055365
0.0052895
0.0052328
0.0053405
0.0052791
0.0052499
0.0060597
0.0052479
0.0052659
0.0053596
0.005446
0.0052354
0.0052346
0.0055524
0.0055186
0.0053689
0.0052933
0.0055396
0.0052432
0.0052377
0.0053359
0.0052507
0.0052367
0.0052918
0.0052836
0.0052564
0.00527
0.0052565
0.0052529
0.0055224
0.0053691
0.005267
0.0053381
0.005239
0.0054754
0.005481
0.0052625
0.0055359
0.005302
0.0052455
0.0052581
0.0054614
0.0053089
0.005868
0.0053678
0.0052411
0.0055217
0.0053375
0.0052935
0.00523
0.005479
0.0052571
0.0055682
0.0054973
0.0052535
0.0052889
0.0055321
0.005241
0.0055115
0.0054582
0.0053694
0.0052429
0.0052916
0.0052712
0.005244
0.0053298
0.0052246
0.0055044
0.0052381
0.0052313
0.0055171
0.00543
0.0052391
0.0052669
0.0054046
