0.0008898
0.0008979
0.0008978
0.0008953
0.0008965
0.0008998
0.0009269
0.0008924
0.0008935
0.0008927
0.0008996
0.0009031
0.0009059
0.0009024
0.0008995
0.0009079
0.0008929
0.0009143
0.0009041
0.0008957
0.0009014
0.0009014
0.0009315
0.0008994
0.0008994
0.0008972
0.0009227
0.0009036
0.0009333
0.0009072
0.0008885
0.0008942
0.0008992
0.0008904
0.0009069
0.00089
0.0009015
0.0009005
0.000905
0.0008935
0.0009233
0.0008981
0.0009463
0.0008927
0.0009007
0.0008919
0.0009072
0.0009027
0.0008999
0.0009472
0.0009049
0.0008958
0.0008917
0.0008987
0.0009065
0.0009055
0.0008873
0.0008987
0.0008968
0.0009002
0.0008862
0.0008914
0.0008879
0.0009053
0.0009026
0.0009018
0.0008932
0.0008955
0.0009135
0.0008974
0.0009074
0.0008999
0.0009047
0.0008964
0.000897
0.0009489
0.0009079
0.0009025
0.0008971
0.0009044
0.0009068
0.0008948
0.000903
0.0009012
0.0009029
0.0008923
0.0008924
0.0009098
0.0008896
0.0009047
0.0009132
0.0008841
0.0008951
0.0008892
0.0008944
0.000905
0.0009045
0.0009022
0.0008934
0.0008951
