0.180426
0.182062
0.182403
0.182201
0.183069
0.183655
0.180927
0.182974
0.181312
0.181725
0.178425
0.182346
0.18248
0.181041
0.183128
0.180237
0.181317
0.1801
0.181609
0.183123
0.180587
0.183996
0.182111
0.182198
0.181684
0.182526
0.182299
0.182042
0.183467
0.180819
0.18235
0.179784
0.182471
0.180957
0.183487
0.183876
0.180186
0.182864
0.183846
0.182628
0.181019
0.179619
0.180488
0.180042
0.182834
0.180296
0.182272
0.179912
0.179367
0.180447
0.180244
0.181466
0.179351
0.180321
0.182239
0.181217
0.182795
0.180279
0.179023
0.182151
0.187144
0.180816
0.180133
0.183425
0.181243
0.180238
0.181384
0.180165
0.181928
0.180379
0.18235
0.180275
0.180559
0.179899
0.181098
0.180113
0.183673
0.182001
0.180009
0.18176
0.180473
0.18043
0.179404
0.1806
0.18292
0.181693
0.185245
0.18059
0.182779
0.180575
0.18148
0.179665
0.180172
0.182358
0.180202
0.180709
0.182084
0.180798
0.181673
0.180764
