0.0036417
0.0036329
0.0036878
0.0036261
0.0036376
0.0036222
0.0036335
0.0036118
0.0036297
0.0036901
0.0036097
0.0036527
0.0036089
0.0036298
0.0036121
0.0036146
0.0036169
0.0036373
0.0036811
0.0036745
0.0036629
0.0037811
0.003644
0.0036186
0.0036706
0.0036821
0.0036466
0.0036424
0.0036285
0.0036221
0.0036822
0.0036747
0.0036087
0.0036277
0.0036302
0.0038347
0.003666
0.0036344
0.0036919
0.0037415
0.0036629
0.0036242
0.0036406
0.003694
0.0036863
0.0036269
0.0036029
0.0036889
0.0036687
0.0036149
0.0036042
0.0036153
0.0036343
0.0036978
0.0036563
0.0037552
0.0036413
0.0036059
0.0036129
0.0037313
0.0036979
0.0036073
0.0036134
0.0036981
0.0037025
0.0037081
0.0037009
0.0036633
0.0036537
0.0036868
0.003703
0.0036143
0.0036168
0.0036137
0.0037207
0.0036122
0.0036191
0.0037113
0.0036026
0.0036524
0.0036085
0.0036279
0.0036096
0.0037008
0.0037555
0.0037488
0.0038103
0.0037064
0.003685
0.0037997
0.0037037
0.003627
0.0036171
0.0036108
0.0036192
0.0036374
0.0037843
0.0036444
0.0036775
0.0036477
