0.0050806
0.0049884
0.0049893
0.0053169
0.0051697
0.004976
0.0050763
0.0050146
0.0049477
0.0049789
0.0051825
0.0049969
0.0051277
0.0048044
0.0049703
0.0050344
0.0050762
0.0050785
0.0050313
0.005101
0.0050224
0.0050877
0.0050318
0.0051336
0.0050531
0.0049883
0.0050256
0.0050937
0.0050513
0.0049344
0.0050861
0.0049654
0.0050721
0.0050708
0.005268
0.0051986
0.00505
0.0051721
0.0049641
0.0050714
0.0050594
0.0051549
0.0050753
0.0052962
0.0050229
0.0050593
0.0051228
0.005017
0.0049954
0.0049642
0.0052168
0.0050313
0.0051631
0.0049669
0.0050074
0.0049865
0.0049003
0.0051054
0.005061
0.0049027
0.0050724
0.0050459
0.005029
0.0050666
0.0049961
0.0052237
0.0050134
0.0050659
0.0050453
0.0050039
0.0049748
0.0050477
0.0049326
0.004998
0.0049065
0.0049149
0.0050908
0.0050225
0.0049405
0.0051136
0.0049965
0.0051219
0.0051173
0.0050454
0.0049996
0.00498
0.0051312
0.0051396
0.0052991
0.0050677
0.0051596
0.0050446
0.0050083
0.0050241
0.0049993
0.0051086
0.0049094
0.0050272
0.005006
0.00497
