0.0123945
0.0124862
0.0124205
0.012485
0.0125744
0.0124939
0.0126497
0.0124944
0.0125592
0.0124427
0.0123948
0.0124531
0.0125319
0.012491
0.012489
0.0126403
0.012439
0.0124718
0.0123824
0.0123774
0.0125271
0.0124511
0.0125644
0.0124428
0.0125587
0.0124597
0.0125444
0.0124883
0.0123805
0.0125273
0.0123798
0.0125174
0.0124999
0.0123896
0.0123916
0.0123529
0.0124907
0.0125383
0.0125519
0.0125544
0.0127497
0.0152635
0.0127315
0.0126291
0.0132208
0.0130999
0.0131181
0.0123869
0.0130335
0.014102
0.0127295
0.0126973
0.0124136
0.012537
0.013803
0.014682
0.0124679
0.0133085
0.0129183
0.0141878
0.0123426
0.0124919
0.0123458
0.0123226
0.0128324
0.0123454
0.0127842
0.0126956
0.012701
0.0128
0.0126167
0.0126283
0.0123832
0.0124776
0.0123838
0.0123415
0.0123764
0.0124197
0.0135383
0.0133511
0.0150414
0.0123745
0.0123636
0.0131453
0.0123869
0.0126847
0.0123295
0.0124821
0.012943
0.0137563
0.012762
0.0126085
0.0126415
0.0125709
0.0124948
0.0126197
0.0124558
0.0130589
0.0136436
0.012347
