0.0734462
0.0740537
0.0726511
0.0726178
0.0737456
0.0727492
0.0725808
0.0736815
0.0726596
0.0735351
0.0728126
0.0726757
0.0738847
0.0726779
0.0727317
0.07375
0.0730462
0.0726652
0.0736256
0.0746145
0.0726743
0.07372
0.0733619
0.0725979
0.0736257
0.0725751
0.0735428
0.0726578
0.0726237
0.072667
0.072902
0.0726199
0.0727215
0.0735236
0.0726444
0.073158
0.072639
0.0726163
0.0730216
0.0740344
0.0726948
0.0731541
0.073392
0.0726172
0.0726655
0.0737355
0.0725948
0.072677
0.0727082
0.073447
0.0726232
0.072585
0.0727171
0.0732326
0.0726303
0.0727285
0.0735171
0.0728083
0.0726928
0.0739184
0.0730718
0.07264
0.0735146
0.072803
0.073543
0.0726578
0.0727299
0.0735454
0.0726264
0.0726492
0.0739366
0.0735004
0.0725931
0.0726352
0.0726696
0.0729145
0.0728225
0.0726681
0.0726253
0.0726732
0.0730077
0.0726452
0.0730733
0.0726556
0.0728497
0.0735316
0.0726337
0.0733719
0.0727029
0.0732122
0.0728185
0.0735834
0.0725785
0.0726513
0.0736366
0.0726217
0.0726286
0.0726285
0.0734581
0.0726749
