0.0199754
0.0213015
0.020074
0.0202976
0.0195164
0.0198203
0.0202741
0.0201147
0.0202054
0.0203293
0.0202034
0.0200588
0.020312
0.0202362
0.0202019
0.0200585
0.0278976
0.0198855
0.0199376
0.0199045
0.0204384
0.019773
0.0205181
0.0217148
0.0199779
0.0202262
0.0196378
0.019869
0.0201097
0.0197234
0.0200623
0.0218743
0.0199799
0.020107
0.0198117
0.0200127
0.0199869
0.0200417
0.0200991
0.0201151
0.0200709
0.0200548
0.0199702
0.0200744
0.0199702
0.0199084
0.0202262
0.0202242
0.0196593
0.0201323
0.0200151
0.0200684
0.0199891
0.0200838
0.0204393
0.0202383
0.0201296
0.0197759
0.0199921
0.020136
0.0197598
0.0204051
0.020237
0.020024
0.0200472
0.0199532
0.0201272
0.0199966
0.0203343
0.0201125
0.0199498
0.0200884
0.0199876
0.0199044
0.0197679
0.0201841
0.0196185
0.0195185
0.0202586
0.0201473
0.0201804
0.0198017
0.0201215
0.0201188
0.0199829
0.0201236
0.0200035
0.0199047
0.0204603
0.0202365
0.0199667
0.019721
0.020413
0.0198378
0.0199056
0.0201564
0.0199395
0.020122
0.0201849
0.0196248
