4.49071
4.49152
4.52186
4.49813
4.46981
4.47487
4.46557
4.4843
4.47228
4.47313
4.47623
4.47023
4.46636
4.46065
4.47305
4.46389
4.49927
4.46487
4.46501
4.47849
4.47594
4.47566
4.47979
4.46849
4.46917
4.47349
4.47807
4.46769
4.46149
4.4748
4.4677
4.46616
4.4648
4.45953
4.47909
4.49431
4.46542
4.46551
4.46583
4.47645
4.46838
4.46873
4.46523
4.47378
4.4795
4.46895
4.46745
4.46407
4.46545
4.47299
4.4659
4.46337
4.46679
4.48016
4.46431
4.46951
4.46761
4.46727
4.47442
4.4644
4.46908
4.46834
4.46783
4.47689
4.46156
4.46204
4.46433
4.47211
4.47092
4.46705
4.47035
4.46806
4.46665
4.4844
4.4666
4.47326
4.46488
4.47232
4.47022
4.46395
4.51437
4.46296
4.47366
4.46499
4.46752
4.47795
4.48388
4.47453
4.47314
4.47003
4.46647
4.4821
4.47185
4.55847
4.47571
4.45978
4.45925
4.47876
4.4629
4.46584
