0.007987
0.0080736
0.0080038
0.0079439
0.0079423
0.0079757
0.0079734
0.0081061
0.0079027
0.0079633
0.0079323
0.0079544
0.0080022
0.0078873
0.0079612
0.0079702
0.008032
0.0079995
0.0079373
0.0079924
0.0079279
0.0080796
0.0079666
0.0080193
0.0079419
0.0079554
0.0079861
0.0079855
0.0080208
0.0081032
0.0079957
0.0080979
0.0081078
0.0079826
0.0078938
0.0080443
0.0079311
0.0079179
0.0080158
0.007975
0.0079855
0.0079374
0.0079196
0.0079119
0.0080418
0.0080342
0.0079382
0.0079413
0.0080052
0.008045
0.0079644
0.0079977
0.0080882
0.0079738
0.0080996
0.0079888
0.0079647
0.0079461
0.008034
0.0079881
0.007893
0.0079796
0.0079354
0.0079394
0.0079505
0.007967
0.0080704
0.0079762
0.0079778
0.0079937
0.0079485
0.0080213
0.0079893
0.0079855
0.0079859
0.0079125
0.0079703
0.0080132
0.0081033
0.0079865
0.008002
0.0080189
0.0079583
0.0079391
0.007958
0.0081715
0.0079825
0.0080092
0.0080276
0.0079716
0.0080336
0.0079634
0.0079595
0.0079055
0.0081018
0.008045
0.0079666
0.0079711
0.0079667
0.0079377
