0.0002692
0.0002736
0.0002696
0.0002729
0.0002749
0.0002736
0.0002743
0.0002733
0.0002734
0.000273
0.0002695
0.0002768
0.0002742
0.000276
0.0002746
0.0002736
0.0002763
0.0002744
0.0002783
0.0002697
0.0002691
0.0002749
0.0004026
0.0002739
0.0002728
0.0002735
0.0002738
0.0002739
0.0002743
0.0002737
0.0002738
0.0002699
0.0002774
0.0002744
0.0002695
0.0002693
0.0002732
0.0002746
0.0002775
0.0002692
0.0002779
0.0002742
0.0002744
0.0002697
0.0002748
0.0002742
0.0002731
0.0002745
0.0002693
0.0002746
0.0002734
0.0002746
0.0002694
0.0002744
0.0002735
0.0002746
0.0002732
0.0002753
0.0002743
0.000274
0.0002741
0.0002739
0.0002738
0.0002741
0.000275
0.0002748
0.0002733
0.0002694
0.0002693
0.0002747
0.0002693
0.0002694
0.0002745
0.0002693
0.0002696
0.00027
0.0002737
0.0002692
0.0002697
0.0002734
0.0002714
0.0002748
0.0002733
0.0002743
0.0002697
0.0002735
0.0002736
0.0002744
0.0002733
0.0002752
0.0002742
0.000274
0.0002696
0.0002746
0.0002753
0.0002739
0.0002734
0.0002692
0.0002759
0.0002736
