0.744084
0.727957
0.733984
0.728563
0.726408
0.725455
0.729966
0.761646
0.742371
0.731164
0.72955
0.725545
0.735788
0.740198
0.731858
0.745294
0.731093
0.730183
0.727498
0.724472
0.729234
0.728672
0.728057
0.729683
0.736142
0.777155
0.72923
0.743992
0.759035
0.726289
0.735551
0.764124
0.72234
0.728156
0.728666
0.728022
0.742786
0.731991
0.730674
0.735565
0.748586
0.816444
0.885546
0.790587
0.802817
0.878825
0.745577
0.742166
0.749384
0.743146
0.736059
0.777336
0.798851
1.04013
0.753307
0.826493
0.757252
0.742313
0.832216
0.802198
0.945921
0.731513
0.771122
0.730673
0.739576
0.739344
0.728108
0.740194
0.728735
0.730295
0.751416
0.771083
0.724471
0.728751
0.737764
0.759434
0.727435
0.76495
0.82439
0.760177
0.843984
0.760529
0.839559
0.733345
0.730658
0.749576
0.738047
0.727003
0.749629
0.788764
0.768623
0.837585
0.817976
0.74456
0.729434
0.731608
0.729651
0.73153
0.748766
0.842222
