0.0088999
0.0087068
0.0083211
0.008969
0.0108436
0.0090404
0.0084949
0.0082913
0.0087943
0.0083317
0.0100735
0.0094806
0.0092654
0.0086508
0.0090459
0.0084929
0.0113361
0.0092333
0.0122541
0.0083692
0.0089923
0.0090041
0.0086659
0.0106129
0.0083635
0.0084185
0.0086204
0.0091658
0.0096402
0.008772
0.0086246
0.0089355
0.0090951
0.0087278
0.0089777
0.0116073
0.0084099
0.0115895
0.0085253
0.0151522
0.0087201
0.0086536
0.0084325
0.0085111
0.0110251
0.0086573
0.0105795
0.0088162
0.0086939
0.0088263
0.0085383
0.0111118
0.0082849
0.0098727
0.0084899
0.0124625
0.0083407
0.0085879
0.0087284
0.009075
0.0111249
0.0087512
0.0093743
0.0085392
0.0087199
0.0093341
0.0086528
0.0091491
0.0083158
0.0087502
0.0084704
0.0085929
0.0152117
0.0084257
0.0088845
0.0085506
0.0086726
0.0107034
0.0084869
0.0101229
0.0086846
0.0089171
0.0128266
0.0110493
0.0082783
0.0092052
0.0087423
0.0087605
0.0086829
0.0092673
0.0093415
0.0090103
0.0087618
0.0086098
0.0083946
0.0095332
0.0090313
0.0101719
0.0090739
0.0087343
