0.0016791
0.0016822
0.0016784
0.0016823
0.0016791
0.0017005
0.0016778
0.0016829
0.0016751
0.001678
0.0017383
0.001681
0.0016829
0.0016858
0.0016796
0.0016823
0.0016761
0.0017096
0.0016795
0.0017145
0.0016887
0.0016786
0.0016837
0.0016833
0.0017207
0.0016801
0.0017238
0.001687
0.0016782
0.0016815
0.0017092
0.0016789
0.0016828
0.0016803
0.0016799
0.0016807
0.0016828
0.0016757
0.0016768
0.0016831
0.0016831
0.0017004
0.0016788
0.0017231
0.0017002
0.0016995
0.0016801
0.0016899
0.0016787
0.0016769
0.0016769
0.0016814
0.0016818
0.0016787
0.0016786
0.0017059
0.0016905
0.0016896
0.0016895
0.0016731
0.0016787
0.0016783
0.0016796
0.0016817
0.001677
0.0016866
0.0016788
0.0016791
0.0017183
0.001681
0.0017423
0.0016779
0.0016755
0.0016787
0.0016774
0.0016828
0.0016785
0.001696
0.0016776
0.0016861
0.0016732
0.0016797
0.0017985
0.0016872
0.0016852
0.0016828
0.0016789
0.0017146
0.001676
0.0016798
0.0016837
0.0016804
0.0017071
0.0017097
0.0016844
0.0016856
0.0016835
0.0016785
0.0016871
0.0016783
