0.0036614
0.003621
0.0036358
0.0036406
0.0036366
0.0036331
0.0036322
0.0036364
0.0036343
0.0036312
0.0036551
0.0036884
0.0036358
0.0036325
0.003641
0.0036365
0.0036914
0.0036408
0.0036344
0.0036752
0.0036295
0.0036337
0.0036424
0.0036392
0.0036323
0.0041939
0.0036374
0.0036337
0.003638
0.0036307
0.0036353
0.0036487
0.0036606
0.003641
0.0036295
0.0036391
0.0036388
0.0036335
0.0036432
0.0036601
0.0036419
0.0036333
0.0036385
0.0036328
0.0036387
0.0036415
0.0036549
0.0037178
0.0036342
0.0036509
0.0036326
0.0036329
0.0036551
0.0036473
0.0037816
0.0036574
0.0036396
0.0036514
0.0036869
0.0036489
0.0036343
0.0036509
0.0036478
0.0036386
0.0036394
0.0036445
0.0036447
0.0036388
0.0037016
0.0036501
0.0036388
0.0036403
0.0036372
0.0036454
0.0036581
0.0036479
0.003652
0.0036744
0.003654
0.0036412
0.0036808
0.0036281
0.0036416
0.0036463
0.0037961
0.0036738
0.0036451
0.0036401
0.0036433
0.0036489
0.0036391
0.0036583
0.003643
0.0036377
0.0036343
0.0036341
0.0036427
0.0036778
0.0036523
0.0036455
