0.587071
0.587135
0.583821
0.596273
0.585631
0.584869
0.592891
0.593366
0.590411
0.588295
0.597057
0.584342
0.586314
0.614345
0.588025
0.587108
0.58969
0.587911
0.60728
0.592989
0.589964
0.586265
0.587685
0.587391
0.584739
0.59689
0.588112
0.58901
0.59416
0.585869
0.584987
0.58827
0.582316
0.586969
0.591558
0.595767
0.590727
0.605852
0.602976
0.620406
0.670625
0.707008
0.70586
0.597855
1.13086
0.606182
0.600549
0.597329
0.646235
0.629124
0.603791
0.600038
0.602751
0.733018
0.767721
0.692483
0.590902
0.639278
0.6748
0.645806
0.673141
0.682757
0.592955
0.600953
0.587766
0.588292
0.587003
0.585372
0.588161
0.603213
0.599303
0.592303
0.584322
0.587589
0.588314
0.619226
0.589642
0.594773
0.647709
0.618342
0.834218
0.593257
0.645564
0.709723
0.599651
0.616998
0.58595
0.613868
0.654926
0.622387
0.66632
0.599467
0.731451
0.585202
0.594392
0.599591
0.614289
0.600356
0.604279
0.616965
