0.512723
0.506238
0.505587
0.501109
0.521798
0.511624
0.506743
0.510456
0.502927
0.508659
0.502279
0.513888
0.5103
0.505125
0.506721
0.503758
0.506728
0.502036
0.505899
0.512471
0.507334
0.506569
0.502514
0.503883
0.518645
0.505333
0.53402
0.505968
0.504395
0.504286
0.50512
0.51154
0.513136
0.515209
0.506487
0.510752
0.514024
0.514719
0.502383
0.504574
0.506149
0.512383
0.507721
0.50273
0.506982
0.51485
0.510727
0.503776
0.508805
0.505121
0.505284
0.506136
0.514533
0.508447
0.505731
0.512908
0.558652
0.504203
0.505082
0.506929
0.51121
0.504167
0.547874
0.503321
0.507094
0.514623
0.504616
0.512356
0.506585
0.509645
0.505861
0.510046
0.512382
0.505711
0.506326
0.502544
0.510289
0.510202
0.506178
0.514498
0.507837
0.509256
0.514172
0.505622
0.511451
0.505343
0.510971
0.549988
0.516779
0.504556
0.50461
0.503061
0.503202
0.510514
0.506098
0.504542
0.504165
0.500467
0.505864
0.514561
