0.0012885
0.0014973
0.0013001
0.0012897
0.0012901
0.0012889
0.0013925
0.001289
0.0012901
0.0013071
0.001865
0.0012932
0.0013018
0.0012895
0.0015686
0.0012899
0.0012983
0.00129
0.0012919
0.0012892
0.0012888
0.001305
0.0012921
0.001469
0.0012905
0.001292
0.0012933
0.0014034
0.001291
0.0012891
0.0012892
0.0012895
0.0014053
0.0012887
0.0015514
0.0012938
0.0013043
0.0012901
0.0012889
0.0013176
0.0012891
0.0012886
0.0012906
0.0012949
0.0013593
0.0012885
0.0012897
0.0012888
0.0014824
0.00129
0.0012939
0.0012979
0.001289
0.001292
0.0012908
0.0012887
0.0012922
0.0013285
0.0013524
0.0012946
0.0015415
0.0012901
0.0012938
0.0012905
0.0012893
0.0012887
0.0012906
0.0013562
0.0012909
0.0012934
0.0012937
0.0012894
0.0012894
0.0013322
0.0012891
0.0013134
0.0012906
0.0015765
0.0013158
0.0012903
0.0012904
0.0012987
0.0012919
0.001294
0.0012937
0.0012884
0.0013441
0.0012933
0.0012913
0.0012892
0.001289
0.0014069
0.0012942
0.0012938
0.0012933
0.0012885
0.0012886
0.0013265
0.0012979
0.0012977
