0.409325
0.423086
0.461342
0.844505
0.804657
0.780827
0.627083
0.717815
0.475829
0.416156
0.436645
0.437688
0.476297
0.422207
0.435989
0.420521
0.420265
0.605701
0.419945
0.41529
0.413903
0.411218
0.411193
0.420231
0.42069
0.456804
0.413957
0.409172
0.414007
0.412722
0.468229
0.415357
0.412545
0.414143
0.412349
0.411209
0.409237
0.416206
0.420706
0.425554
0.424908
0.418322
0.444941
0.413298
0.406419
0.418191
0.42132
0.414582
0.41219
0.414182
0.415643
0.412336
0.40762
0.416231
0.442643
0.408778
0.412359
0.410617
0.417094
0.414922
0.410734
0.411184
0.412451
0.405658
0.410964
0.407603
0.413954
0.405358
0.408062
0.407752
0.418589
0.411141
0.416663
0.418702
0.413208
0.416123
0.410353
0.409692
0.413362
0.40846
0.412702
0.412515
0.408109
0.418156
0.416155
0.408957
0.408627
0.414776
0.415331
0.412702
0.408534
0.407965
0.406471
0.464655
0.414405
0.410217
0.407573
0.408382
0.407064
0.409721
