0.0124805
0.0125198
0.0126275
0.0124464
0.012559
0.0140607
0.0126015
0.0126128
0.0125066
0.0125234
0.0128128
0.0125555
0.0125255
0.0125767
0.0125698
0.0125387
0.0126158
0.0125021
0.0124964
0.0124886
0.0125755
0.012638
0.012506
0.0125041
0.0126162
0.0125175
0.0125544
0.0125116
0.0126592
0.0126375
0.0125445
0.0124707
0.0125161
0.0125653
0.0125417
0.0125396
0.0126078
0.0125823
0.0126232
0.0125956
0.0125186
0.0125936
0.0125278
0.0124876
0.0124849
0.0125223
0.0125804
0.0125158
0.012584
0.0125
0.0126498
0.0124728
0.0125914
0.0125496
0.0125799
0.0128183
0.0125013
0.0125657
0.0125318
0.0125
0.0125123
0.0125158
0.0124925
0.0125143
0.0125698
0.012445
0.0124993
0.0125671
0.0125384
0.0124884
0.0126097
0.0125319
0.0125252
0.0126202
0.012535
0.012584
0.0125241
0.0128109
0.0125094
0.0126407
0.0125473
0.0125067
0.0125099
0.0125598
0.0126544
0.0126613
0.0125506
0.012612
0.0126478
0.012627
0.0133906
0.0126272
0.0126565
0.0125267
0.0126585
0.0126971
0.0125795
0.0126512
0.012642
0.012662
