2.39226
2.39047
2.54416
2.44496
2.51435
2.40761
2.42642
2.46885
2.48956
2.38738
2.45003
2.45548
2.41444
2.54258
2.42427
2.39478
2.45077
2.41874
2.4294
2.41452
2.42237
2.39647
2.39103
2.4368
2.44615
2.42809
2.47485
2.38637
2.41325
2.44736
2.44779
2.43192
2.54755
2.30698
2.30903
2.29764
2.39415
2.37179
2.31775
2.31949
2.38736
2.32413
2.32257
2.31861
2.4078
2.3483
2.32121
2.35377
2.36965
2.35088
2.31879
2.40829
2.32887
2.31958
2.34949
2.42607
2.33441
2.3667
2.34028
2.42746
2.35968
2.32228
2.32332
2.31982
2.35594
2.33569
2.35004
2.33691
2.31983
2.32129
2.41786
2.39609
2.34375
2.36508
2.31829
2.35603
2.35002
2.3185
2.35073
2.36248
2.32303
2.35484
2.33945
2.35007
2.32953
2.42864
2.36291
2.31969
2.40909
2.3218
2.35774
2.37383
2.37631
2.33424
2.33076
2.32283
2.28758
2.28035
2.28227
2.28153
