1.46174
1.50244
1.48606
1.48156
1.46295
1.51025
1.46628
1.48514
1.51211
1.46401
1.46403
1.4616
1.47185
1.48072
1.50098
1.46586
1.49304
1.51755
1.49692
1.46451
1.50328
1.49172
1.51382
1.47292
1.49475
1.46557
1.5071
1.46699
1.48422
1.48592
1.51455
1.48002
1.46278
1.48136
1.53313
1.46551
1.47386
1.51689
1.50794
1.54329
1.53665
1.50731
1.58228
1.67262
1.53004
1.46547
1.4791
1.49408
1.48045
1.50318
1.46361
1.46564
1.47225
1.47018
1.48744
1.5192
1.46425
1.46464
1.49969
1.48718
1.46483
1.46305
1.50433
1.46264
1.48133
1.46245
1.49053
1.46282
1.46524
1.46438
1.47999
1.46814
1.49127
1.51246
1.5173
1.66562
1.60504
1.5652
1.54141
1.57357
1.48405
1.47977
1.45973
1.55592
1.5446
1.50826
1.50696
1.47249
1.46595
1.59295
1.46301
1.4698
1.46534
1.46507
1.46176
1.56194
1.62297
1.60664
1.5148
1.52654
