0.0080962
0.00869
0.008306
0.0081674
0.0080898
0.0079288
0.0086694
0.0083883
0.0093494
0.0082134
0.0083721
0.0086811
0.009285
0.0080715
0.0082545
0.008506
0.0120199
0.0084338
0.008015
0.0079321
0.0079624
0.0080184
0.0082546
0.0081578
0.0120526
0.0082745
0.0080342
0.0082553
0.0090313
0.0083561
0.0079089
0.0080781
0.0083226
0.0097165
0.0080808
0.0080237
0.0081538
0.0085877
0.0082161
0.0093296
0.0079736
0.0079144
0.007995
0.0081415
0.007939
0.0082128
0.0080853
0.0084594
0.0083019
0.0081856
0.0108497
0.0084047
0.0083759
0.0084358
0.0098395
0.0096092
0.0081566
0.0080433
0.0082272
0.0100151
0.0083684
0.0080174
0.0101956
0.0079559
0.0098335
0.0079659
0.0080389
0.0081045
0.0079243
0.008406
0.0078912
0.0106406
0.0079667
0.0079665
0.0081313
0.0083011
0.0116395
0.0080819
0.0093196
0.0079741
0.0093947
0.0081161
0.008259
0.0095158
0.0082585
0.0080712
0.0080721
0.0088147
0.0108168
0.0080294
0.0081401
0.0110979
0.0080359
0.0082694
0.0079731
0.0085897
0.0079376
0.0093108
0.0081342
0.0080689
