0.0045819
0.0044699
0.0044502
0.0045777
0.0045943
0.0044388
0.0044967
0.0045688
0.0044652
0.0044426
0.0044835
0.0044431
0.0044786
0.0042992
0.0045772
0.0045103
0.0045334
0.0047051
0.0044381
0.0045019
0.0044485
0.0046116
0.0044817
0.0045977
0.0045262
0.004542
0.004466
0.0044271
0.0046058
0.0044072
0.004439
0.0044683
0.0045668
0.0045268
0.0044893
0.0045921
0.0045056
0.0045545
0.0044649
0.0045336
0.0045174
0.0044812
0.0043813
0.0045538
0.0044479
0.0045098
0.0044634
0.0045539
0.0045443
0.0043825
0.0045373
0.0044839
0.0047216
0.0044363
0.0045313
0.0045774
0.004389
0.0046151
0.0044636
0.0043668
0.0045169
0.0044866
0.0044965
0.0046961
0.0044336
0.0044836
0.004575
0.004512
0.0044578
0.0044631
0.0044928
0.0044527
0.0044506
0.0044708
0.0043811
0.0043893
0.0045303
0.0045971
0.0044338
0.0045462
0.0044344
0.0045161
0.0045057
0.0045619
0.004458
0.0044399
0.0045433
0.00448
0.0045717
0.0045118
0.0045595
0.0044929
0.0045081
0.0045128
0.004492
0.0045078
0.0043848
0.0044814
0.0044631
0.0043638
