0.586798
0.595839
0.584163
0.586821
0.594949
0.594676
0.695702
0.589987
0.590687
0.588064
0.588046
0.591482
0.586031
0.590639
0.595941
0.588088
0.598222
0.598649
0.585355
0.584687
0.598592
0.593768
0.586454
0.59646
0.586156
0.586571
0.596472
0.589042
0.587286
0.594616
0.584829
0.588247
0.591534
0.587313
0.589551
0.587207
0.592401
0.591529
0.598565
0.597125
0.665282
0.694446
0.600124
0.589113
0.813481
0.613006
0.600581
0.626088
0.635226
0.620028
0.597907
0.600987
0.618612
0.655014
0.762786
0.647208
0.593312
0.607627
0.701543
0.611602
0.605993
0.613556
0.585615
0.588951
0.587736
0.587945
0.597114
0.58452
0.594179
0.605148
0.607826
0.591135
0.593721
0.596014
0.58801
0.588174
0.592934
0.696653
0.612137
0.706773
0.771821
0.701317
0.58933
0.600652
0.651331
0.64427
0.590607
0.587312
0.600105
0.640087
0.636933
0.707055
0.59444
0.584981
0.595103
0.596565
0.589638
0.592242
0.655681
0.592939
