0.072337
0.0697941
0.0707396
0.105147
0.0712986
0.0715406
0.0706586
0.0717084
0.0734177
0.0725706
0.070271
0.0715345
0.0732528
0.0710728
0.0695829
0.071341
0.0723598
0.0739639
0.0734597
0.0702754
0.0673808
0.0721524
0.0697031
0.070691
0.0695098
0.0713562
0.0671085
0.0700125
0.0726451
0.070783
0.0708103
0.0699135
0.0718338
0.0719093
0.0711078
0.0717489
0.0718682
0.0695787
0.072593
0.0693243
0.0720791
0.0732146
0.0704019
0.0707253
0.0682063
0.0698665
0.0697749
0.0697688
0.0712591
0.0739863
0.0701081
0.0693488
0.0696053
0.0730574
0.0703553
0.0698066
0.070771
0.0726564
0.0695846
0.0711518
0.0698661
0.0726884
0.0715824
0.0686761
0.0702574
0.0751881
0.0718897
0.0704032
0.0723779
0.0707738
0.0725937
0.0720746
0.0700346
0.0729401
0.0709092
0.0753324
0.0708376
0.0708876
0.0677775
0.0782367
0.0696432
0.0725978
0.0722401
0.0720873
0.0719285
0.0713392
0.0684069
0.0695176
0.0728905
0.0695295
0.0705711
0.0708619
0.071366
0.0711292
0.0725361
0.0747769
0.076139
0.0696062
0.0709042
0.070222
