0.0058188
0.0058439
0.0107864
0.0100786
0.0104727
0.0065901
0.0069092
0.0083145
0.0058303
0.0057601
0.005848
0.0058306
0.0058892
0.0059254
0.0059501
0.0058412
0.0063107
0.0067002
0.0059699
0.0057538
0.0058132
0.0058402
0.0058943
0.0059144
0.0058299
0.0058524
0.0059119
0.0057883
0.0057353
0.0059798
0.0057484
0.0058489
0.0058823
0.0059401
0.0058315
0.0057863
0.0059237
0.0058847
0.0060876
0.0063586
0.0058175
0.0057803
0.0057585
0.0059129
0.0059353
0.005754
0.0057793
0.0057556
0.005894
0.005805
0.0058007
0.0057752
0.0057693
0.0057625
0.0057464
0.0057539
0.0057296
0.0057729
0.0057773
0.005871
0.0058246
0.0058099
0.0057623
0.0058638
0.0057235
0.0057935
0.0057218
0.0057914
0.0060794
0.0063717
0.0058284
0.0057899
0.0342789
0.0058098
0.005811
0.0058081
0.0058325
0.0057356
0.005846
0.0058632
0.0057607
0.0057642
0.0060259
0.0057439
0.0057878
0.0057692
0.0058228
0.005758
0.0059204
0.0058266
0.0058565
0.0057701
0.0058338
0.005772
0.0057794
0.0058014
0.0057618
0.0057426
0.005741
0.0058052
