0.0671049
0.067932
0.067245
0.0676924
0.0668353
0.067256
0.0676773
0.0669338
0.0674376
0.0673954
0.0681071
0.0668802
0.0665694
0.0675139
0.0672507
0.0682888
0.0662067
0.0673247
0.066694
0.066238
0.0670128
0.0667134
0.0675231
0.0656948
0.0670394
0.066589
0.0664224
0.0665311
0.0659104
0.0670722
0.0660735
0.0663044
0.0670107
0.0658224
0.0670542
0.0659674
0.0661323
0.0662309
0.0673902
0.0667591
0.0665977
0.0656063
0.0683422
0.0671584
0.0670185
0.0665108
0.0665973
0.0657311
0.0667823
0.0675425
0.0670592
0.0663693
0.0664799
0.0671192
0.0669499
0.0667648
0.0670695
0.0683726
0.0663854
0.0675666
0.0662711
0.0664604
0.0665704
0.0661708
0.0680779
0.0663907
0.0672104
0.0665028
0.0669849
0.0662286
0.0667713
0.0674205
0.0671356
0.0666585
0.0974474
0.0664482
0.0670552
0.0673834
0.0669742
0.0667993
0.0670981
0.0659161
0.0668231
0.0662716
0.0669096
0.0678944
0.0667934
0.0674489
0.0752449
0.0667447
0.0665393
0.0666772
0.0667208
0.0668561
0.0677242
0.0671562
0.0660789
0.0663314
0.0666567
0.0667861
