0.0046296
0.0047775
0.0048062
0.0045098
0.0048416
0.0045014
0.0047081
0.0044969
0.0045279
0.0049889
0.0045892
0.0047022
0.0044963
0.0045407
0.0049847
0.0049835
0.0045575
0.0045021
0.0045122
0.0044878
0.0046084
0.0046072
0.0044984
0.0049266
0.0045094
0.0044912
0.0044956
0.0045914
0.0046069
0.0049665
0.0045699
0.0045526
0.0050438
0.0050274
0.0054353
0.0045034
0.004506
0.004569
0.0045004
0.0045095
0.0045435
0.0049514
0.0044936
0.0045131
0.0045009
0.0045781
0.0046478
0.0049055
0.0045191
0.0045028
0.0046719
0.0044958
0.0045523
0.00464
0.0048618
0.0045114
0.0044945
0.0045098
0.004506
0.0047128
0.0049428
0.0045377
0.0049003
0.0045227
0.0044921
0.0044966
0.0047036
0.0045088
0.0045164
0.0045086
0.0048662
0.0047467
0.0047463
0.0045857
0.004687
0.0044913
0.0046657
0.0050188
0.0045951
0.0045062
0.004811
0.0048606
0.0044977
0.0045311
0.0045415
0.0045348
0.0044956
0.0045088
0.00454
0.004539
0.0045289
0.0045583
0.0046315
0.0045087
0.0054763
0.0046624
0.0045609
0.0046549
0.004948
0.0045264
