0.0743596
0.0731231
0.0727084
0.0740136
0.0728962
0.0726496
0.0733876
0.0726518
0.0727571
0.0734246
0.0728238
0.0727694
0.072724
0.0726829
0.0726238
0.0726797
0.0729211
0.0726313
0.0728451
0.0726245
0.0726598
0.0726581
0.072682
0.0738783
0.0732744
0.072738
0.0726601
0.0736891
0.0726585
0.0737748
0.0727853
0.0728774
0.0726886
0.0731532
0.072684
0.0726404
0.0726219
0.0740562
0.074078
0.0726383
0.0727345
0.0737073
0.0726866
0.0729322
0.0738851
0.0726208
0.0727246
0.0735137
0.0726855
0.0727512
0.072675
0.0726955
0.072687
0.0726821
0.0726776
0.0727017
0.0735223
0.0726971
0.0726144
0.0727952
0.0726725
0.0739108
0.0726167
0.0727672
0.0727745
0.0735025
0.0726557
0.0735559
0.0739123
0.0726826
0.0726327
0.0733035
0.0727092
0.0741133
0.0734627
0.0738241
0.0726158
0.0728159
0.0726373
0.0738431
0.0726717
0.072676
0.0732071
0.0726616
0.0726434
0.0734666
0.072656
0.0727097
0.0726107
0.0732905
0.0737764
0.0726111
0.0726568
0.0731852
0.0726774
0.0726857
0.07351
0.0726791
0.0727188
0.072685
