3.27542
3.31487
3.27324
3.27289
3.28171
3.27998
3.27451
3.31598
3.31837
3.31025
3.27335
3.27367
3.27271
3.32052
3.27366
3.2736
3.27826
3.2732
3.27341
3.27343
3.31682
3.2747
3.27549
3.31263
3.27192
3.27369
3.27409
3.27481
3.27492
3.27466
3.2745
3.27625
3.32883
3.27287
3.27343
3.32034
3.27311
3.27377
3.32033
3.28645
3.27381
3.27417
3.27693
3.28271
3.32215
3.2733
3.29404
3.27391
3.27432
3.27324
3.31985
3.27246
3.27508
3.31635
3.28201
3.27335
3.31767
3.27329
3.2828
3.27342
3.27576
3.2744
3.32331
3.3189
3.27292
3.31542
3.31921
3.27408
3.2733
3.27618
3.27353
3.27371
3.38213
3.27238
3.27472
3.31481
3.2739
3.31294
3.31835
3.27256
3.27395
3.31746
3.273
3.27286
3.32212
3.27391
3.27299
3.31684
3.27353
3.27356
3.2737
3.27288
3.2796
3.27318
3.35059
3.36152
3.42317
3.29293
3.33424
3.28087
