0.202789
0.203939
0.202402
0.212125
0.204191
0.214917
0.203949
0.203182
0.201077
0.20269
0.202479
0.202482
0.204075
0.201861
0.202011
0.201584
0.204311
0.204404
0.202287
0.205937
0.20281
0.202339
0.203745
0.2007
0.201933
0.208502
0.203365
0.203218
0.19939
0.202604
0.20028
0.202946
0.203501
0.202115
0.200503
0.201138
0.204412
0.201693
0.20052
0.201438
0.201083
0.201441
0.203985
0.202528
0.202037
0.201005
0.203367
0.201942
0.202668
0.201473
0.202291
0.201309
0.20264
0.202008
0.20229
0.204831
0.203879
0.203373
0.202614
0.202282
0.203454
0.199726
0.200829
0.201855
0.200944
0.201243
0.20111
0.202456
0.201765
0.201086
0.202701
0.202986
0.202772
0.202062
0.201391
0.201023
0.2013
0.203169
0.201982
0.203071
0.201048
0.201979
0.20227
0.202344
0.202098
0.20235
0.203231
0.202013
0.202807
0.200837
0.203231
0.201821
0.202507
0.203703
0.201854
0.204124
0.202221
0.203976
0.20235
0.202271
