0.0815316
0.0812854
0.0804976
0.0814719
0.0820756
0.0813644
0.0965649
0.081404
0.080904
0.0803778
0.0814468
0.0824275
0.0804336
0.0819196
0.0810264
0.0809663
0.0804815
0.0817257
0.0818231
0.0812006
0.0813897
0.0954584
0.0804664
0.0800937
0.0806273
0.0822677
0.0800731
0.0824951
0.0796727
0.0822599
0.0803094
0.0811356
0.0821013
0.080187
0.0823572
0.0812144
0.0822628
0.0804818
0.0829979
0.0822252
0.0802531
0.0797327
0.081801
0.0805153
0.0806773
0.0806068
0.0813704
0.0801241
0.0944738
0.0806095
0.0814777
0.0806513
0.0819822
0.0804964
0.0825002
0.0811215
0.0829324
0.082029
0.0806742
0.0817125
0.0817643
0.0809759
0.0821738
0.0806669
0.0816666
0.0811508
0.0813453
0.080946
0.0814796
0.0813165
0.0808594
0.0810021
0.0823513
0.0810068
0.0806562
0.0814439
0.0822183
0.0825219
0.0809473
0.0821119
0.0807342
0.0802191
0.0810116
0.0814345
0.0809807
0.08175
0.0819237
0.0807505
0.0813037
0.0833939
0.0819247
0.080682
0.0811687
0.0821564
0.0808731
0.0802878
0.0808731
0.0815585
0.0813141
0.082129
