0.180341
0.182789
0.181454
0.181799
0.180369
0.180065
0.183914
0.182645
0.183126
0.181051
0.1819
0.179522
0.181583
0.181014
0.181602
0.181648
0.18198
0.181157
0.181974
0.182374
0.18274
0.180751
0.180917
0.181251
0.180266
0.18198
0.180863
0.181238
0.218193
0.18089
0.181704
0.181006
0.182862
0.183347
0.181219
0.181973
0.180925
0.181386
0.180533
0.18686
0.181438
0.183887
0.183849
0.181964
0.183977
0.181541
0.181341
0.181456
0.180201
0.180282
0.180925
0.182611
0.181578
0.18077
0.181099
0.181806
0.182302
0.180969
0.182075
0.182611
0.180945
0.18043
0.18093
0.183238
0.181144
0.180848
0.180282
0.182119
0.184317
0.222701
0.180406
0.182576
0.180347
0.182342
0.182865
0.183586
0.184412
0.181912
0.181165
0.180787
0.179955
0.180444
0.181329
0.179725
0.179392
0.181216
0.181795
0.183979
0.183452
0.182637
0.180427
0.182732
0.180897
0.181871
0.180438
0.182193
0.180397
0.181659
0.181866
0.181434
