0.127246
0.124863
0.126396
0.127144
0.126006
0.126795
0.125951
0.127101
0.125694
0.125395
0.12501
0.126186
0.128057
0.125775
0.126506
0.126226
0.125027
0.12566
0.125866
0.127653
0.124872
0.127572
0.125389
0.165925
0.126291
0.12621
0.125745
0.125579
0.126311
0.127693
0.126043
0.127707
0.125167
0.126149
0.125252
0.125892
0.125726
0.126016
0.128592
0.124807
0.127402
0.125753
0.124575
0.126159
0.157717
0.125959
0.126283
0.131652
0.128555
0.125834
0.12598
0.125625
0.125039
0.12652
0.125374
0.12536
0.124574
0.126122
0.126006
0.125864
0.128539
0.126103
0.125442
0.124977
0.125037
0.124828
0.125835
0.128422
0.125899
0.124773
0.124967
0.126117
0.127529
0.125956
0.125451
0.124823
0.125094
0.126772
0.126841
0.127917
0.126506
0.128609
0.127533
0.125741
0.124552
0.126946
0.126162
0.124531
0.167883
0.12764
0.124727
0.126415
0.125372
0.126038
0.126915
0.12547
0.124831
0.124984
0.12736
0.125318
