0.0001056
0.0001045
0.0001056
0.0001157
0.0001058
0.0001051
0.0001045
0.0001059
0.0001046
0.0001044
0.0001053
0.0001045
0.0001046
0.0001053
0.0001043
0.0001048
0.0001041
0.0001047
0.0001066
0.0001048
0.0001043
0.0001047
0.0001054
0.000106
0.0001045
0.0001162
0.0001047
0.0001055
0.0001057
0.0001051
0.0001057
0.0001064
0.0001048
0.0001048
0.0001053
0.0001044
0.0001053
0.000105
0.0001045
0.0001048
0.0001046
0.0001044
0.0001056
0.0001059
0.0001053
0.0001044
0.0001166
0.0001047
0.0001049
0.0001049
0.0001061
0.0001051
0.0001042
0.0001054
0.0001058
0.000107
0.0001053
0.0001047
0.0001048
0.0001045
0.0001049
0.0001056
0.0001066
0.0001053
0.000105
0.0001059
0.0001044
0.0001044
0.0001045
0.0001395
0.0001084
0.0001043
0.0001058
0.0001045
0.0001046
0.0001057
0.0001044
0.0001053
0.0001055
0.0001043
0.0001125
0.0001052
0.0001054
0.0001048
0.0001045
0.0001045
0.0001045
0.0001054
0.000105
0.0001045
0.0001046
0.0001053
0.0001052
0.0001159
0.000136
0.0001084
0.0001051
0.0001045
0.0001046
0.0001051
