0.408528
0.415392
0.413871
0.40524
0.407931
0.407254
0.409069
0.406635
0.413298
0.416973
0.405878
0.41574
0.406889
0.414936
0.409631
0.407057
0.41466
0.404897
0.40883
0.413348
0.407276
0.415185
0.422244
0.412988
0.41343
0.408836
0.409596
0.409178
0.407568
0.407146
0.407494
0.446656
0.416329
0.411975
0.411257
0.411448
0.439573
0.408378
0.41215
0.409235
0.415878
0.408514
0.416435
0.419388
0.409705
0.416663
0.406526
0.406982
0.411086
0.40664
0.44671
0.407917
0.410916
0.40961
0.414511
0.410119
0.408601
0.4147
0.407185
0.415751
0.408025
0.413461
0.411693
0.407554
0.41662
0.410353
0.406825
0.423289
0.409401
0.407506
0.408755
0.412541
0.409353
0.423619
0.409159
0.40601
0.408039
0.407128
0.413403
0.417438
0.408429
0.416034
0.411864
0.411349
0.407075
0.40841
0.407936
0.407298
0.409357
0.407379
0.408469
0.412484
0.417602
0.44942
0.4091
0.413342
0.407896
0.415019
0.41428
0.410042
