1.8202
1.79304
1.84343
1.80618
1.79409
1.79173
1.81264
1.79259
1.81182
1.79867
1.82257
1.79434
1.79328
1.78645
1.79053
1.79203
1.78503
1.79098
1.78988
1.80146
1.84828
1.7833
1.78289
1.80172
1.79037
1.79513
1.80002
1.79502
1.78465
1.7933
1.79575
1.79648
1.79463
1.79478
1.78461
1.8078
1.8152
1.79043
1.81412
1.81077
1.81947
1.84873
1.80539
1.79638
1.78417
1.82006
1.79332
1.81118
1.82233
1.81588
1.81275
1.81921
1.84986
1.79299
1.83149
1.97283
1.78386
1.78814
1.81991
1.81171
1.82235
1.80514
1.79353
1.83333
1.79238
1.79456
1.79292
1.83077
1.79247
1.79231
1.79344
1.79478
1.80672
1.79041
1.79758
1.79002
1.79187
1.79928
1.7853
1.7909
1.79015
1.78846
1.79247
1.79188
1.78953
1.82308
1.78832
1.79476
1.78733
1.79035
1.78898
1.7802
1.79058
1.79342
1.78819
1.797
1.81475
1.8054
1.78872
1.8233
