0.329696
0.335301
0.670908
0.547114
0.503656
0.490716
0.675086
0.444441
0.346149
0.343336
0.362187
0.338177
0.343942
0.342081
0.343204
0.338446
0.351771
0.36445
0.394334
0.335944
0.336168
0.332552
0.334311
0.337078
0.339474
0.332388
0.336951
0.339746
0.337869
0.340272
0.332928
0.336437
0.338434
0.33689
0.332851
0.332251
0.330979
0.369916
0.338222
0.345985
0.338049
0.338294
0.33698
0.335549
0.333101
0.338354
0.334245
0.332324
0.339675
0.33337
0.331101
0.331717
0.329395
0.332835
0.330286
0.329386
0.332527
0.331487
0.334907
0.331757
0.336902
0.337359
0.338306
0.328234
0.330006
0.329373
0.332401
0.331647
0.333688
0.352284
0.33046
0.336195
0.33341
0.331995
0.336872
0.33243
0.335686
0.330893
0.333799
0.330594
0.330174
0.329411
0.340212
0.336108
0.331664
0.331554
0.332072
0.330307
0.333203
0.335896
0.33084
0.328193
0.335073
0.329141
0.329613
0.331591
0.334224
0.329975
0.329171
0.331687
