0.0202703
0.0202813
0.0201748
0.0201988
0.0201002
0.0202409
0.0204002
0.0209346
0.0202975
0.0200485
0.0205913
0.0205745
0.0207657
0.0203504
0.0204723
0.0200321
0.0201801
0.0202366
0.0199119
0.0205498
0.0203747
0.0200075
0.0205865
0.0202683
0.020221
0.0204628
0.0205031
0.0201613
0.0203537
0.0203483
0.020542
0.0199498
0.0202443
0.0201082
0.01998
0.0204238
0.0206176
0.0202454
0.0203295
0.0198053
0.0207869
0.0200184
0.0206877
0.0202647
0.02005
0.020593
0.0201542
0.0200566
0.0201498
0.0202131
0.0202398
0.0197861
0.0198257
0.0205397
0.0200863
0.0209152
0.0205878
0.0201429
0.0198526
0.0201972
0.0204208
0.020204
0.0206213
0.0201849
0.020064
0.0201546
0.0204883
0.0201192
0.020032
0.0204826
0.0202279
0.0206556
0.0205702
0.0205322
0.0202962
0.0201947
0.0206958
0.0204407
0.0204678
0.0203786
0.0204316
0.020339
0.0201707
0.0200846
0.0198834
0.0203178
0.0202893
0.0202779
0.0202908
0.0202806
0.0204779
0.0200046
0.0204407
0.020252
0.0206216
0.0202909
0.0197437
0.02019
0.0199065
0.0205071
