0.798672
0.795023
0.80431
0.800183
0.797748
0.79684
0.801606
0.804834
0.795706
0.79557
0.793463
0.801144
0.799875
0.799783
0.792578
0.80429
0.799076
0.796866
0.793035
0.797943
0.796348
0.798287
0.815058
0.812601
0.854074
0.862299
0.803936
0.801237
0.849305
0.801516
0.803025
0.809762
0.81603
0.813724
0.804578
1.03742
0.826143
0.808688
0.807356
0.805056
0.803085
0.809252
0.80098
0.801794
0.800456
0.798645
0.800983
0.801417
0.802025
0.796491
0.800056
0.800833
0.797282
0.797407
0.801223
0.802554
0.803088
0.799264
0.796886
0.800165
0.794913
0.798971
0.795465
0.796396
0.794342
0.799237
0.795859
0.800473
0.797508
0.811462
0.800591
0.803868
0.798524
0.798883
0.796981
0.798917
0.799994
0.796237
0.798223
0.817122
0.811378
0.808437
0.800916
0.801002
0.79731
0.797579
0.801333
0.800208
0.802699
0.794264
0.797846
0.797659
0.797968
0.80108
0.796904
0.796011
0.800449
0.794081
0.856047
0.805786
