0.290818
0.291064
0.29259
0.290728
0.295989
0.301796
0.290864
0.290202
0.29006
0.291747
0.293822
0.296104
0.291946
0.291738
0.29121
0.356984
0.291597
0.290406
0.296564
0.292416
0.343177
0.327425
0.296809
0.29736
0.300181
0.292928
0.292597
0.29309
0.297123
0.299301
0.295351
0.297125
0.293663
0.292973
0.293769
0.293648
0.293224
0.293742
0.296369
0.293442
0.293515
0.293398
0.292567
0.293113
0.293309
0.29624
0.293387
0.292643
0.293947
0.297656
0.294328
0.293962
0.292683
0.292759
0.292737
0.295354
0.296648
0.29305
0.293821
0.292689
0.294139
0.293666
0.292475
0.326385
0.293488
0.293268
0.292867
0.293681
0.294565
0.329605
0.297129
0.293738
0.292637
0.294262
0.292277
0.292643
0.294738
0.294318
0.294944
0.293601
0.292366
0.292478
0.292659
0.293389
0.293669
0.31162
0.294511
0.295754
0.29357
0.294589
0.298336
0.293042
0.29186
0.293001
0.292085
0.292331
0.293651
0.296738
0.293292
0.293642
