0.148765
0.147273
0.164578
0.150432
0.149074
0.148508
0.151746
0.149833
0.149285
0.150977
0.14904
0.148727
0.148956
0.148741
0.148075
0.150645
0.149959
0.148515
0.192441
0.148226
0.148899
0.148418
0.151425
0.148602
0.149864
0.151899
0.148965
0.147445
0.148917
0.150838
0.15203
0.172662
0.150146
0.15164
0.15173
0.150065
0.16409
0.151554
0.153626
0.153922
0.151399
0.148649
0.150034
0.151184
0.148372
0.149124
0.235228
0.151221
0.150717
0.149932
0.182528
0.148594
0.150981
0.150581
0.148374
0.148739
0.148507
0.150337
0.148299
0.161848
0.148888
0.148241
0.150726
0.15018
0.148019
0.150409
0.148198
0.14829
0.15081
0.148373
0.147982
0.150714
0.150636
0.148968
0.152097
0.150893
0.151117
0.149393
0.156473
0.150515
0.155011
0.162158
0.193573
0.148311
0.180924
0.15703
0.161045
0.205288
0.149966
0.147932
0.147735
0.148162
0.148903
0.166161
0.149824
0.148621
0.149951
0.148822
0.147546
0.151151
