0.33304
0.323835
0.384454
0.340304
0.335824
0.340438
0.354993
0.347803
0.366978
0.400213
0.365031
0.361963
0.359666
0.360777
0.358266
0.364202
0.366161
0.358211
0.353507
0.348371
0.340334
0.356864
0.354927
0.36964
0.377725
0.368571
0.348062
0.352476
0.350783
0.347414
0.340852
0.340168
0.353483
0.349883
0.348246
0.342674
0.341711
0.350409
0.342343
0.350371
0.370703
0.339851
0.340842
0.349093
0.350817
0.346377
0.338262
0.387499
0.33996
0.349059
0.354322
0.342209
0.345786
0.342551
0.345152
0.351318
0.344259
0.340356
0.340977
0.358576
0.348047
0.354496
0.347048
0.344933
0.348522
0.34276
0.356435
0.348206
0.335613
0.344165
0.341408
0.341885
0.338506
0.345799
0.337494
0.347095
0.345209
0.362774
0.345426
0.339366
0.349231
0.3407
0.345892
0.347623
0.354392
0.351433
0.353332
0.344374
0.346888
0.339981
0.343368
0.344558
0.349712
0.348691
0.345042
0.349816
0.390565
0.341487
0.346899
0.350267
