0.0016627
0.0016557
0.0021262
0.0016592
0.0019681
0.001661
0.0016623
0.0017578
0.0016599
0.002026
0.0016745
0.0020107
0.0018037
0.0016565
0.001662
0.0016547
0.0016604
0.001656
0.0020168
0.0024912
0.0016597
0.0016577
0.0020262
0.0016598
0.0016566
0.0041599
0.0016581
0.0034152
0.0016579
0.002025
0.0016691
0.0016555
0.0046594
0.0016559
0.0020972
0.0016556
0.0021357
0.001656
0.0020723
0.0016735
0.0016586
0.0017003
0.0021546
0.0016554
0.0016649
0.0016548
0.001699
0.0016652
0.0016603
0.0016564
0.0018818
0.0016559
0.0019466
0.001789
0.0016931
0.0019978
0.0021325
0.0016611
0.0016564
0.0017766
0.001667
0.0020145
0.0016796
0.0021016
0.0016625
0.001656
0.0021036
0.0016609
0.0022268
0.0016612
0.0024017
0.0016607
0.0016601
0.0016554
0.0018493
0.0016622
0.0016544
0.0016601
0.0016555
0.0019314
0.0016619
0.0016594
0.001721
0.0016591
0.0016557
0.0019794
0.00166
0.0016569
0.0016775
0.0016828
0.0016632
0.0019265
0.0016562
0.0016595
0.0016563
0.0016576
0.0016561
0.0016631
0.0016549
0.0016549
