3.60826
3.62147
3.57618
3.57314
3.56961
3.57333
3.56839
3.56726
3.59697
3.57205
3.57511
3.56978
3.57212
3.65331
3.57122
3.56355
3.56695
3.56482
3.56572
3.56994
3.57132
3.56816
3.56621
3.57526
3.57611
3.57399
3.57099
3.57605
3.56865
3.56715
3.56529
3.57104
3.56776
3.56781
3.59574
3.57213
3.56947
3.5721
3.56888
3.57284
3.56992
3.56952
3.569
3.56634
3.6268
3.57397
3.56914
3.56681
3.56901
3.57332
3.5663
3.56371
3.58089
3.57119
3.56809
3.56764
3.56952
3.571
3.57819
3.57195
3.56713
3.56771
4.25175
3.57557
3.56341
3.56451
3.56465
3.60834
3.56738
3.57002
3.56705
3.57096
3.58116
3.57324
3.57091
3.56865
3.58261
3.57333
3.56395
3.56935
3.73892
3.5701
3.57811
3.57321
3.56401
3.59313
3.57625
3.5666
3.57126
3.56538
3.57924
3.57908
3.56969
3.57854
3.57397
3.56554
3.56706
3.57033
3.56208
3.56338
