0.147636
0.148565
0.147903
0.147942
0.146895
0.149058
0.147605
0.181954
0.14716
0.148003
0.14792
0.147937
0.148791
0.147782
0.147893
0.148017
0.14822
0.147855
0.151611
0.146805
0.148144
0.14712
0.147793
0.148616
0.147206
0.150382
0.150582
0.147881
0.147538
0.147329
0.147729
0.148939
0.147427
0.148081
0.145899
0.14806
0.147485
0.147778
0.147201
0.147799
0.149972
0.147584
0.148119
0.14836
0.148693
0.146789
0.14914
0.148764
0.146622
0.146745
0.147581
0.148355
0.148561
0.145596
0.147101
0.148008
0.149347
0.147205
0.148551
0.151153
0.149463
0.147239
0.147553
0.149153
0.14777
0.146715
0.146126
0.147459
0.149183
0.149891
0.146841
0.151269
0.146866
0.146954
0.151262
0.147723
0.147849
0.148355
0.14775
0.147112
0.148606
0.150018
0.185748
0.146487
0.14611
0.147474
0.147959
0.148397
0.147331
0.147025
0.147448
0.148852
0.149112
0.149479
0.149247
0.150531
0.148004
0.147938
0.147819
0.149352
