0.0034722
0.0035303
0.0033574
0.0033859
0.0033816
0.0035677
0.0033675
0.0033691
0.0033942
0.003642
0.0035018
0.0033628
0.0033569
0.0033753
0.003596
0.0034064
0.0033556
0.0033908
0.0035009
0.0033981
0.0033622
0.0034236
0.0034302
0.0034208
0.003359
0.0033571
0.0034632
0.0035561
0.0035138
0.0033803
0.0033549
0.0034238
0.0034385
0.0035155
0.0034129
0.0035094
0.0034652
0.0033751
0.0033557
0.0034068
0.0034467
0.0033886
0.0033639
0.0034123
0.0034816
0.0034051
0.0034265
0.0033608
0.0035829
0.0035382
0.0033779
0.0034508
0.0034314
0.0033965
0.0033967
0.00338
0.0037941
0.003441
0.0033771
0.0033745
0.0034155
0.0034834
0.0035363
0.0034078
0.0033614
0.0033837
0.0036918
0.0035686
0.0033905
0.0033716
0.0035143
0.0034592
0.0035618
0.0034968
0.0034983
0.0033969
0.0034384
0.0033846
0.0033798
0.003467
0.0034546
0.0033556
0.0035472
0.0034155
0.0035591
0.0033589
0.0033791
0.0034603
0.0035152
0.0034218
0.0033707
0.0034333
0.0037698
0.0034683
0.0033733
0.0034289
0.0036489
0.0034133
0.0033561
0.0034269
