0.0057861
0.0057488
0.0057175
0.0057644
0.0056986
0.0056879
0.0057991
0.0056947
0.0057643
0.0057727
0.0059028
0.0057526
0.0056506
0.0057293
0.0057184
0.0056791
0.0057897
0.0057744
0.0373638
0.0058171
0.0056686
0.0057575
0.0057815
0.0058612
0.0057159
0.0057737
0.0057671
0.005819
0.0056877
0.0060024
0.0057614
0.0056684
0.0056548
0.0056525
0.0057442
0.0056651
0.0056984
0.0057288
0.0058179
0.0056927
0.0057255
0.0056761
0.0056741
0.0057691
0.0057422
0.0056841
0.0056732
0.0057298
0.0057074
0.0057177
0.0057052
0.0057221
0.005743
0.0057058
0.0056759
0.0058441
0.0057136
0.0056732
0.0056757
0.0057509
0.0056928
0.0057119
0.0057117
0.0056723
0.0058425
0.005702
0.0057141
0.0056824
0.0057563
0.0057484
0.0057952
0.0056878
0.0057394
0.0056834
0.0056782
0.0057528
0.0057304
0.0057136
0.0057282
0.0056629
0.0056826
0.0057802
0.0057449
0.0056994
0.0057793
0.0056864
0.0057836
0.0057239
0.0057029
0.0056591
0.0056505
0.005729
0.005741
0.005681
0.0057972
0.005694
0.0057557
0.0057698
0.0057339
0.0058165
