0.820558
0.820821
0.82057
0.864228
0.829818
0.856253
0.821139
0.829543
0.857028
0.81815
0.823394
0.828925
0.820159
0.820139
0.821457
0.820559
0.829199
0.823766
0.818027
0.822878
0.825412
0.8183
0.81974
0.830548
0.819643
0.853738
0.819781
0.821261
0.821641
0.821111
0.822841
0.819205
0.825048
0.820309
0.819857
0.822171
0.820247
0.820435
0.828798
0.840458
0.819403
0.818911
0.84792
0.818815
0.825808
0.819906
0.820764
0.821263
0.819667
0.820058
0.831423
0.830261
0.82551
0.821672
0.818975
0.819002
0.843489
0.82027
0.829872
0.820028
0.819033
0.819458
0.817901
0.824257
0.832904
0.824905
0.827341
0.820065
0.820463
0.820488
0.852071
0.820642
0.828531
0.827686
0.829176
0.863494
0.820385
0.81948
0.820022
0.821703
0.820543
0.820069
0.821419
0.820504
0.83535
0.831185
0.826616
0.853544
0.820235
0.822044
0.826056
0.820057
0.831275
0.819599
0.866817
0.819425
0.8217
0.820002
0.824693
0.86845
