0.0018831
0.0019021
0.001897
0.0018992
0.0018787
0.0018933
0.0019073
0.00189
0.0019017
0.0019057
0.0019037
0.0019122
0.0018929
0.0019131
0.001908
0.0019358
0.001885
0.0018811
0.0018823
0.0019073
0.0018907
0.0018649
0.0018975
0.0019194
0.0019108
0.001882
0.0019264
0.001917
0.0018845
0.0019056
0.0018822
0.0018859
0.0018955
0.0019116
0.0018838
0.0018855
0.0019017
0.0019002
0.0018858
0.0019533
0.0019088
0.0019493
0.0018842
0.0019027
0.0019031
0.0018873
0.0019017
0.0020058
0.001892
0.0019141
0.0018905
0.0019022
0.0019032
0.0019049
0.0019072
0.0019019
0.0019095
0.0019024
0.0019311
0.0018981
0.0018712
0.0018834
0.0018933
0.0019074
0.0019402
0.0019164
0.0019034
0.0019029
0.0018998
0.0018939
0.0018894
0.0019081
0.001905
0.0018969
0.0018942
0.0019341
0.0019132
0.0019025
0.0018837
0.0019208
0.0018877
0.0018888
0.0019614
0.0019249
0.0019651
0.0019123
0.001916
0.0019201
0.0018973
0.0019056
0.0018793
0.0018884
0.0018863
0.0019245
0.001868
0.00195
0.0018892
0.0019061
0.0019005
0.001903
