0.0094603
0.009474
0.0099019
0.0094678
0.0104697
0.0094781
0.0094773
0.0095075
0.009463
0.0104979
0.0094587
0.0094927
0.0095596
0.0094634
0.0095185
0.0094662
0.0102212
0.009494
0.0094812
0.0095175
0.0098202
0.0096031
0.0094682
0.0094725
0.0094846
0.0095147
0.010703
0.009494
0.0095696
0.0094656
0.0095349
0.0106686
0.0107124
0.0094974
0.0107312
0.0102238
0.0095255
0.0095565
0.0094896
0.0094673
0.0104313
0.0094912
0.0094816
0.0094635
0.0095003
0.009478
0.009466
0.0106702
0.009479
0.009471
0.0094744
0.0103648
0.010402
0.0102777
0.0095141
0.0094686
0.0094738
0.0095707
0.0107318
0.009865
0.0094791
0.0094731
0.0094765
0.0094895
0.0094797
0.0094807
0.0094663
0.0094739
0.0099149
0.0104585
0.0095027
0.0094594
0.0095111
0.0094823
0.0094723
0.0097429
0.0098716
0.0094749
0.009478
0.0095481
0.0094738
0.0094732
0.0094918
0.0095019
0.0094964
0.0101856
0.0094677
0.0105244
0.0094821
0.0095055
0.0094591
0.0094877
0.0094811
0.0094816
0.0098363
0.0107717
0.0106365
0.009764
0.0094904
0.0100881
