0.0013849
0.0012904
0.0012983
0.0012889
0.0015433
0.0012895
0.0012895
0.0012893
0.0012901
0.0014525
0.0012987
0.0012893
0.0013258
0.001519
0.0012891
0.0012883
0.0012936
0.0013698
0.0012942
0.0012905
0.0012936
0.0015882
0.0015403
0.0014579
0.001289
0.0012887
0.0015291
0.0013036
0.0012891
0.0012895
0.0015582
0.0012937
0.0012891
0.00129
0.0012942
0.0014069
0.0013547
0.0012891
0.0012898
0.0012983
0.0012897
0.0012901
0.0012967
0.001289
0.0012886
0.0012904
0.0012959
0.0013598
0.0012929
0.0012904
0.001296
0.0012892
0.0014738
0.0012898
0.0012885
0.0012968
0.0015575
0.0012936
0.0012898
0.0012887
0.0012893
0.0012902
0.0012891
0.0012915
0.001464
0.0012961
0.0012979
0.0012887
0.0012882
0.0012981
0.001292
0.0013023
0.0012994
0.0012939
0.0012895
0.0012967
0.0012945
0.0013086
0.0012902
0.0012963
0.0012891
0.0012906
0.0012887
0.0012897
0.0012953
0.0013406
0.00129
0.0012908
0.0013546
0.0014807
0.0012897
0.0012921
0.001294
0.0012922
0.001302
0.0012895
0.001297
0.0012902
0.0012893
0.0013963
