0.699028
0.657965
0.655683
0.65558
0.658579
0.664292
0.655367
0.656097
0.657897
0.65643
0.688497
0.658152
0.663962
0.665025
0.655941
0.695083
0.657259
0.65815
0.657393
0.656362
0.657297
0.658083
0.693455
0.655746
0.664089
0.665222
0.666146
0.655501
0.657862
0.68915
0.657227
0.657716
0.656769
0.655198
0.660849
0.659833
0.690616
0.655487
0.655664
0.662684
0.65537
0.655937
0.656135
0.656437
0.655344
0.655973
0.665779
0.664255
0.691793
0.65647
0.671121
0.655645
0.656013
0.656256
0.656668
0.656536
0.656614
0.655452
0.655591
0.66449
0.665317
0.655415
0.656506
0.656976
0.656351
0.657117
0.657082
0.701314
0.655163
0.661926
0.65625
0.655518
0.664211
0.657523
0.661457
0.658446
0.656138
0.657269
0.656921
0.656746
0.664874
0.70475
0.655352
0.655332
0.655559
0.716573
0.657533
0.659446
0.656006
0.655896
0.657024
0.655376
0.655471
0.666733
0.66399
0.654988
0.687945
0.655589
0.65737
0.656637
