0.0029044
0.0028963
0.0028947
0.0028923
0.0029072
0.002957
0.0029052
0.002895
0.0029063
0.0029048
0.0028951
0.0028957
0.0029064
0.002941
0.0029721
0.0030068
0.002904
0.002901
0.0028959
0.0029353
0.0033176
0.0031186
0.0032149
0.0030228
0.0031971
0.0028964
0.0028976
0.002933
0.0029838
0.0029893
0.002915
0.0030405
0.0031148
0.0029029
0.0030097
0.0029177
0.0030909
0.0031951
0.0028967
0.0029281
0.0032618
0.0029165
0.0030035
0.0029103
0.0029526
0.0029097
0.0028996
0.0029026
0.0029188
0.003079
0.0029605
0.0029294
0.0028948
0.0030964
0.0029862
0.0029149
0.0029185
0.0029081
0.0029069
0.0028962
0.0029692
0.0029466
0.0028965
0.0029758
0.0030261
0.0028974
0.0029007
0.0031968
0.0029011
0.0030639
0.0029002
0.0031011
0.0030018
0.0028974
0.0029209
0.0029271
0.0031546
0.0031057
0.0029019
0.0029491
0.0029076
0.0030554
0.0030095
0.0032398
0.0029018
0.0030877
0.0033693
0.0029207
0.0028982
0.0029889
0.0029838
0.0030292
0.0029145
0.0029237
0.0029026
0.0031035
0.0029098
0.0033067
0.0031588
0.0028996
