0.0064797
0.0063473
0.0064655
0.0063457
0.0065599
0.0072164
0.0070581
0.0069233
0.0068156
0.0063344
0.007242
0.0063853
0.006662
0.0064467
0.0071587
0.0064237
0.0064106
0.0064292
0.0071691
0.0069871
0.0065067
0.0065466
0.0063661
0.0063419
0.0069307
0.0064031
0.0065451
0.0068496
0.0070783
0.0065276
0.0064185
0.0072186
0.0072699
0.0064918
0.0066576
0.0064067
0.006402
0.0065728
0.0064679
0.0064645
0.0071837
0.0067403
0.0064928
0.0068552
0.0070281
0.0068368
0.0065946
0.0073425
0.0065523
0.0064244
0.0066157
0.0063468
0.0072171
0.0064767
0.0067711
0.0063416
0.0065335
0.0072077
0.0071322
0.0065437
0.0065353
0.0063355
0.0067658
0.006544
0.006576
0.0065453
0.0063818
0.0072608
0.0066396
0.0075336
0.0064689
0.0064557
0.0071845
0.0071845
0.0067901
0.0063577
0.0074447
0.0063434
0.0070615
0.0068459
0.0064505
0.0063286
0.0069752
0.0067493
0.0073101
0.0063973
0.0063502
0.0067206
0.0066745
0.0070254
0.0071984
0.0068362
0.0065592
0.0067569
0.0063844
0.0064408
0.0064898
0.0069229
0.0067688
0.006728
