0.0009302
0.0009424
0.0009306
0.0009306
0.0009333
0.0009317
0.0009357
0.0009359
0.0009343
0.0009355
0.0011589
0.0009315
0.0009322
0.0009346
0.0009307
0.0009311
0.0009312
0.0009311
0.0009372
0.0011402
0.0009395
0.0009305
0.0009319
0.0009328
0.000938
0.0009456
0.0009339
0.0009368
0.0009383
0.0009308
0.0010351
0.0009362
0.0009342
0.0009533
0.0009354
0.0009346
0.0009319
0.0009344
0.0009348
0.0009358
0.0011561
0.0009309
0.000931
0.0009362
0.0009313
0.0009339
0.0009328
0.0009303
0.0009351
0.0009362
0.0009307
0.0009347
0.0009358
0.0009303
0.0009383
0.0009358
0.0009311
0.0009483
0.0009343
0.0009349
0.0009347
0.0009351
0.0009351
0.0011002
0.0009305
0.0009357
0.0009305
0.0009318
0.0009306
0.0009358
0.0009337
0.0009384
0.0009361
0.0009365
0.0009307
0.0009356
0.0009386
0.0009321
0.0009367
0.0009326
0.0009315
0.0009303
0.0009357
0.0009306
0.0009366
0.000931
0.0009364
0.0009393
0.000944
0.0009349
0.0009317
0.0009377
0.0009349
0.0009341
0.0010243
0.0009303
0.0009309
0.0010896
0.0009315
0.0009374
