1.17188
1.18371
1.16776
1.21012
1.17255
1.18024
1.18698
1.16884
1.17484
1.16834
1.18589
1.1685
1.16862
1.16853
1.18967
1.17152
1.18447
1.1697
1.20401
1.19452
1.16836
1.17385
1.17045
1.16998
1.16931
1.17676
1.16856
1.22211
1.17587
1.17232
1.17043
1.17835
1.2194
1.17158
1.1903
1.1686
1.16882
1.20602
1.17746
1.24754
1.23898
1.2965
1.24592
1.22463
1.31975
1.17117
1.17127
1.17159
1.16914
1.16837
1.20936
1.17302
1.17115
1.16974
1.17584
1.17017
1.17076
1.18686
1.18888
1.16874
1.22459
1.17064
1.16869
1.16859
1.20209
1.18471
1.17101
1.1716
1.20057
1.17067
1.17985
1.21877
1.20531
1.16949
1.16967
1.28793
1.23233
1.38171
1.2375
1.19068
1.19663
1.16966
1.1821
1.21574
1.20706
1.2528
1.16553
1.17493
1.23164
1.19548
1.20393
1.18671
1.18436
1.17376
1.22926
1.27017
1.44236
1.27254
1.23618
1.29485
