0.0005922
0.0005915
0.0005911
0.0005976
0.0006634
0.0005947
0.000596
0.0005957
0.0005957
0.0005942
0.0005948
0.0005945
0.0005992
0.000591
0.0005925
0.0005913
0.0005992
0.0005914
0.0005907
0.0005947
0.0006312
0.0005911
0.0005965
0.0005911
0.0005993
0.0005916
0.000591
0.000599
0.0005908
0.0005948
0.0005963
0.0005961
0.000591
0.0005909
0.0005911
0.000591
0.000599
0.0005967
0.0005959
0.000595
0.0005909
0.000599
0.0008062
0.000595
0.0005981
0.0006
0.0005941
0.0005907
0.000595
0.0005937
0.0005964
0.0005967
0.0005906
0.0005915
0.0005944
0.0005929
0.0005968
0.0005909
0.0005957
0.0005914
0.0005917
0.000591
0.0005914
0.0005958
0.0005909
0.0005914
0.000695
0.000595
0.0005952
0.0005954
0.0005964
0.0005908
0.0005999
0.000594
0.0005996
0.0005907
0.0005914
0.0005915
0.0005906
0.0005971
0.0005973
0.0005914
0.0005954
0.000591
0.0005911
0.0005908
0.0005962
0.0005984
0.0005914
0.0005965
0.0006222
0.0005969
0.0005912
0.0005926
0.0005925
0.0005917
0.0005909
0.000597
0.0005969
0.0005913
