0.0833282
0.0843062
0.084064
0.0911355
0.0885538
0.0849668
0.0865178
0.084682
0.0865173
0.0866538
0.0862019
0.130388
0.0850137
0.0905032
0.0856099
0.0881853
0.085858
0.0891761
0.0926169
0.0874806
0.0934418
0.0852592
0.0851356
0.0878328
0.0873537
0.0835044
0.086982
0.08537
0.0847403
0.0874252
0.0855198
0.0851343
0.087234
0.084392
0.0889436
0.0868516
0.0889138
0.0869221
0.0852804
0.0860778
0.0849316
0.0851494
0.0848129
0.0867088
0.0840854
0.0894465
0.081969
0.0878513
0.0857212
0.0898928
0.0825945
0.0840368
0.0898902
0.0832465
0.0849336
0.0839174
0.086988
0.0843935
0.085749
0.0829163
0.0924051
0.083707
0.0847639
0.0841882
0.0855589
0.0857081
0.12363
0.0872326
0.0832108
0.0871344
0.0838424
0.0864411
0.0831201
0.0852095
0.084576
0.0856188
0.0847715
0.0827111
0.0865004
0.0839533
0.0859134
0.085097
0.0843018
0.0845115
0.0896724
0.0856866
0.0899058
0.0881381
0.0863074
0.0856478
0.084395
0.0882056
0.08575
0.0849978
0.0846729
0.0842599
0.0850277
0.084106
0.0821318
0.088319
