0.006157
0.0061776
0.0063284
0.0063131
0.0061709
0.0071939
0.006425
0.0062752
0.0063359
0.0063206
0.0064848
0.0062029
0.0065401
0.006247
0.0062287
0.0062076
0.0062635
0.0062604
0.006185
0.0063928
0.0061843
0.0062219
0.0062244
0.0062405
0.0061708
0.0061945
0.0062472
0.0067066
0.0062284
0.0062538
0.006247
0.0062109
0.0062231
0.006321
0.006141
0.0062057
0.0063093
0.0062275
0.0061808
0.0062158
0.0061908
0.0061736
0.0062812
0.0062743
0.0061983
0.0064426
0.0062515
0.0062035
0.0062577
0.006278
0.006341
0.0061904
0.006373
0.0062506
0.0061969
0.0062297
0.0062508
0.0062223
0.0064212
0.0062543
0.0061933
0.0061614
0.0065314
0.0062621
0.0062226
0.0062961
0.0062393
0.0062213
0.0061971
0.0064157
0.0062286
0.0061714
0.0062557
0.0062597
0.0063063
0.0061765
0.0061684
0.0063325
0.0063294
0.0062585
0.0062584
0.0061479
0.0063075
0.0062137
0.0062953
0.0061528
0.0061691
0.0062376
0.0063285
0.0062359
0.0063981
0.0063553
0.0062237
0.0063031
0.006258
0.0062951
0.0063273
0.0062886
0.0062319
0.0062577
