0.0016664
0.0016649
0.0016941
0.0016678
0.0016615
0.0016962
0.0016643
0.0016677
0.0017205
0.001669
0.0016615
0.0016718
0.0016676
0.0016646
0.0016707
0.0017195
0.0016678
0.0016655
0.0016889
0.0016646
0.0017014
0.001677
0.0016642
0.0016668
0.0016648
0.0016672
0.001664
0.0016664
0.0016674
0.0016866
0.0016694
0.0016673
0.0016639
0.0016774
0.0016713
0.0016696
0.0016602
0.0016665
0.0016615
0.0017067
0.0016649
0.0016653
0.0016956
0.001683
0.0016653
0.001751
0.0016676
0.0016699
0.0017242
0.0016635
0.0016641
0.0017059
0.0016647
0.0016636
0.0016639
0.0016662
0.0016693
0.0016692
0.0016683
0.0016725
0.0016654
0.0016912
0.0016665
0.0016683
0.0017572
0.0016648
0.0016635
0.0017565
0.001663
0.0016648
0.0016673
0.0016681
0.0016697
0.0016724
0.0016633
0.0016658
0.0017389
0.001665
0.0016674
0.0016964
0.0016752
0.0016618
0.0016888
0.0016681
0.0016679
0.0016719
0.0016642
0.0016676
0.0016663
0.0016649
0.0016648
0.001666
0.001669
0.0016677
0.0016662
0.0016817
0.0016754
0.0016639
0.0016648
0.0016679
