0.798114
0.799394
0.804077
0.797595
0.79754
0.797851
0.800795
0.806066
0.794546
0.805085
0.799569
0.803472
0.802031
0.799347
0.792937
0.798258
0.799279
0.796873
0.793304
0.798139
0.796458
0.796898
0.806518
0.888836
0.926229
0.841211
0.805058
0.800793
0.802403
0.81057
0.80187
0.802148
0.807286
0.812099
0.80574
0.822024
0.826833
0.833738
0.834107
0.801282
0.819659
0.804228
0.829402
0.800569
0.823688
0.798058
0.823027
0.79872
0.822251
0.796362
0.814638
0.801515
0.796899
0.797213
0.830106
0.802535
0.800656
0.800608
0.798805
0.800372
0.805273
0.799752
0.796412
0.796597
0.79412
0.800029
0.79479
0.801344
0.798019
0.818808
0.798736
0.810301
0.799482
0.794837
0.796153
0.799631
0.799773
0.796022
0.798866
0.818153
0.821134
0.803522
0.804929
0.798503
0.797274
0.794901
0.802444
0.803531
0.798804
0.7951
0.803345
0.799776
0.797018
0.800484
0.794886
0.797401
0.798401
0.798534
0.833407
0.81208
