0.0449747
0.0449522
0.0456771
0.0448486
0.0451182
0.0454954
0.0449115
0.045318
0.0453582
0.0454088
0.0455072
0.0461018
0.044835
0.0450257
0.0451703
0.0456397
0.0452897
0.0456425
0.0443025
0.044979
0.0604883
0.0451681
0.0454379
0.0453887
0.0445672
0.0450988
0.0456317
0.0451361
0.0451991
0.0449426
0.045944
0.0453737
0.0450597
0.0453359
0.0454023
0.0449594
0.0447918
0.0447765
0.0453486
0.0450784
0.0454075
0.045469
0.044866
0.0447682
0.0454469
0.0453517
0.0456508
0.0452471
0.0455464
0.0450136
0.0451853
0.045672
0.0452822
0.0454912
0.0458635
0.0449728
0.0446957
0.0460224
0.0452278
0.0450513
0.0449979
0.0451004
0.0447315
0.0445343
0.0458304
0.0451143
0.0443041
0.0454462
0.0444917
0.0449059
0.0456134
0.0453516
0.0454972
0.0461791
0.04464
0.0448871
0.0450112
0.045516
0.0457535
0.045362
0.0455912
0.0452494
0.0444274
0.0453919
0.0455777
0.0458555
0.0453708
0.0444497
0.0450462
0.0451076
0.0450345
0.045469
0.0454532
0.0450606
0.0456729
0.0458849
0.045301
0.0445016
0.0459777
0.0456986
