0.0029327
0.0029901
0.007905
0.00322
0.0031815
0.0037478
0.0048746
0.0033717
0.003017
0.0029738
0.0029837
0.0031165
0.0029702
0.0030381
0.003065
0.0033335
0.0032659
0.0031601
0.0044423
0.0030176
0.0029734
0.0029922
0.0031957
0.0033728
0.0030143
0.0029627
0.0029951
0.0031468
0.0029916
0.0029856
0.0031169
0.0029377
0.00292
0.0029544
0.0029586
0.0029595
0.0029232
0.0029467
0.0029537
0.0033444
0.002963
0.0029256
0.0029602
0.002971
0.0029709
0.0029913
0.0030209
0.0030442
0.0029394
0.0031284
0.0029901
0.0029909
0.0030262
0.0029217
0.0029395
0.0029661
0.002953
0.0029873
0.0029933
0.0029439
0.0030118
0.0029173
0.0029523
0.002928
0.0029717
0.0030536
0.0029834
0.0030262
0.0029454
0.0035052
0.0029532
0.0030444
0.0029435
0.0029544
0.0029818
0.003033
0.0030301
0.002943
0.0029521
0.0030716
0.0029576
0.0029441
0.0030216
0.0030583
0.0029434
0.0030461
0.0029526
0.0029558
0.0030545
0.0029645
0.0029373
0.0029559
0.0033651
0.0029589
0.0030186
0.0029561
0.0029467
0.0029554
0.003064
0.0029473
