0.0073053
0.0074238
0.0073787
0.0073702
0.0083034
0.0075016
0.0073481
0.0073503
0.0074442
0.007453
0.0074144
0.0072829
0.0073284
0.0072521
0.0074652
0.0073082
0.0074337
0.0075774
0.0073032
0.0073298
0.0075447
0.0073519
0.007418
0.0073288
0.0073483
0.007486
0.0073432
0.0073124
0.00733
0.0072617
0.007285
0.00735
0.0074444
0.0074301
0.0073434
0.0073373
0.0073839
0.0073831
0.0074673
0.0073077
0.0073227
0.0074607
0.0073306
0.007249
0.0075342
0.0073874
0.0073017
0.0073445
0.0072829
0.0073091
0.0073768
0.0073689
0.0073634
0.0072633
0.0073173
0.007504
0.0075233
0.0073149
0.0075055
0.0073245
0.007424
0.0073691
0.0073486
0.0073006
0.0075788
0.0073895
0.0073514
0.0072411
0.0073944
0.0075259
0.007288
0.0074695
0.0072907
0.0073995
0.0073355
0.0073828
0.0072981
0.007838
0.0073202
0.0073713
0.007446
0.0073825
0.0073877
0.0073701
0.0075107
0.0073077
0.0073864
0.007483
0.0073272
0.0073071
0.0073316
0.0073597
0.0072928
0.0073167
0.0073505
0.0073848
0.0073637
0.0073801
0.0073344
0.0073023
