0.0009301
0.0010521
0.0009316
0.0009307
0.0009597
0.0009313
0.0009309
0.0009308
0.0009315
0.0009307
0.000931
0.0009304
0.0009359
0.0009347
0.0009313
0.0009323
0.0011126
0.0009306
0.0009391
0.0010407
0.000931
0.0009304
0.0011228
0.0009341
0.0009334
0.0009917
0.0009318
0.0009313
0.0009312
0.000931
0.0009309
0.000931
0.0009311
0.0009318
0.000932
0.0009309
0.000931
0.0010035
0.0009327
0.0009312
0.0010011
0.000935
0.0009309
0.0010234
0.0009308
0.0009316
0.001033
0.0009355
0.000931
0.0009447
0.0009308
0.0009306
0.000943
0.0009312
0.0009308
0.0009305
0.0009308
0.000937
0.0009314
0.0009313
0.0011414
0.0009307
0.0009312
0.0009395
0.0009311
0.000931
0.0009314
0.0009344
0.0009355
0.0009305
0.0009899
0.0009305
0.0009311
0.0011881
0.0009315
0.0009312
0.0009565
0.0009305
0.0009304
0.0009731
0.0009319
0.0009307
0.0009308
0.0009316
0.0009423
0.0009323
0.0009311
0.0009308
0.0009398
0.0009308
0.0009306
0.001025
0.0009309
0.0009315
0.0011356
0.000939
0.0009333
0.0010833
0.0009337
0.0009323
