0.0377109
0.0375451
0.0378984
0.0377321
0.0384208
0.0379856
0.0382024
0.0379897
0.0380939
0.0375923
0.037599
0.038017
0.0382757
0.0379281
0.0379589
0.0382704
0.0387318
0.0377056
0.037903
0.0377079
0.0390523
0.0378965
0.0375181
0.0375163
0.0376601
0.0378293
0.0379861
0.037601
0.0378781
0.0374635
0.0380327
0.0387057
0.0379393
0.038016
0.0379958
0.0380518
0.0377752
0.0379898
0.0386555
0.0385292
0.0386455
0.038081
0.0375201
0.0376316
0.0376921
0.0377547
0.0392733
0.0385822
0.0380727
0.0378949
0.0384913
0.0379243
0.038511
0.0381051
0.0383674
0.037935
0.0375065
0.0380044
0.0384045
0.0382689
0.0384353
0.0386222
0.0374742
0.0376536
0.0377912
0.0385896
0.0378275
0.0379302
0.0435883
0.0377466
0.0378681
0.0376508
0.0381633
0.0390477
0.0379096
0.0376318
0.0377924
0.0381805
0.0378685
0.037814
0.0388293
0.0384396
0.0376187
0.0380711
0.0384041
0.0380168
0.0378245
0.0378985
0.0378962
0.0378994
0.0378104
0.0376956
0.0377049
0.0379999
0.0386309
0.0381093
0.0379629
0.0373977
0.0381402
0.0378874
