0.0173099
0.0171129
0.0171923
0.0171038
0.017526
0.0172599
0.0173528
0.0171478
0.0172273
0.0173243
0.0176187
0.0172228
0.0173356
0.0175152
0.0172356
0.017478
0.017479
0.0171303
0.017341
0.0171925
0.0175539
0.0171996
0.0172288
0.0174978
0.01718
0.0176185
0.0173062
0.0173706
0.0175193
0.0176765
0.017441
0.0169862
0.0171132
0.0171358
0.0172139
0.0171557
0.0176609
0.0176116
0.0171758
0.0171493
0.0174119
0.0173585
0.0173099
0.0176006
0.0170861
0.0173812
0.0172132
0.0171086
0.0172289
0.0174013
0.0178934
0.0170591
0.0169648
0.0173304
0.0174013
0.0172885
0.023057
0.0170919
0.0172339
0.0171126
0.0172381
0.0174789
0.0178802
0.0174432
0.017142
0.0176135
0.0172734
0.0171588
0.0174326
0.0173309
0.017513
0.0174086
0.0174635
0.0174082
0.0173486
0.0177638
0.0173537
0.0175381
0.0171281
0.0176218
0.0171793
0.0173651
0.0173427
0.0169332
0.0169547
0.0171211
0.0177275
0.0171497
0.0176331
0.0180787
0.017099
0.0169745
0.0172248
0.0173076
0.0172764
0.0173349
0.0173648
0.0170693
0.01692
0.0171479
