0.0002691
0.0002742
0.0002689
0.0002694
0.0002691
0.0002694
0.0002692
0.0002696
0.0002692
0.0002692
0.0002689
0.0002733
0.0002732
0.0002728
0.0002695
0.0002692
0.0002731
0.0002775
0.0002773
0.0002759
0.0002773
0.0002731
0.0002701
0.0002695
0.0002692
0.0002694
0.00027
0.000273
0.0002743
0.0002692
0.0002698
0.0002776
0.0002692
0.0002691
0.0002692
0.0002779
0.0002693
0.0002776
0.0002692
0.0002691
0.0002732
0.0002693
0.000271
0.000269
0.0002691
0.0002736
0.000271
0.0002692
0.0002692
0.0002694
0.0002695
0.00027
0.0002731
0.0002729
0.0002692
0.0002735
0.0002735
0.000274
0.000278
0.0002728
0.0002729
0.0002756
0.0002694
0.0002708
0.0002772
0.0002728
0.0002696
0.0002693
0.0002724
0.0002743
0.0002777
0.000269
0.0002693
0.0002696
0.0002692
0.0002733
0.0002691
0.0002698
0.0002743
0.0002696
0.0002697
0.0002744
0.0002742
0.0004134
0.0002693
0.000273
0.0002711
0.00027
0.0002692
0.0002698
0.0002693
0.0002691
0.0002691
0.0002741
0.0002734
0.0002711
0.0002694
0.0002733
0.0002727
0.0002728
