1.32996
1.30905
1.33067
1.33545
1.31615
1.37548
1.33695
1.34988
1.32702
1.3347
1.31144
1.31346
1.33282
1.35685
1.32074
1.34211
1.31841
1.31692
1.37704
1.31405
1.34319
1.31675
1.33438
1.31589
1.34755
1.33801
1.31919
1.33145
1.32446
1.31305
1.32041
1.3406
1.31827
1.31783
1.36455
1.31307
1.3245
1.3366
1.33748
1.3543
1.34327
1.31595
1.37196
1.34177
1.38163
1.31469
1.34437
1.31947
1.31823
1.33343
1.31531
1.32724
1.33347
1.31549
1.31528
1.31461
1.32453
1.31315
1.33392
1.36144
1.31779
1.32029
1.31866
1.31837
1.3233
1.32828
1.36418
1.34706
1.34909
1.31452
1.31482
1.33588
1.3172
1.31209
1.33493
1.36201
1.31976
1.36237
1.31325
1.31962
1.33697
1.33667
1.37011
1.31474
1.32065
1.36095
1.34199
1.31627
1.31809
1.31553
1.32902
1.32923
1.32086
1.40648
1.32977
1.32105
1.34049
1.32196
1.38261
1.3276
