0.014562
0.0146531
0.0148436
0.0143646
0.0143606
0.0145491
0.0143304
0.0147565
0.0144435
0.0143871
0.0145238
0.0145738
0.014808
0.0148827
0.0144536
0.0143552
0.0143738
0.0144014
0.014394
0.0145489
0.0145365
0.0143489
0.0144161
0.0144282
0.0152386
0.0144153
0.0144971
0.014412
0.0150652
0.014646
0.0146848
0.0148245
0.0151262
0.014552
0.0149806
0.0149936
0.0144195
0.0172382
0.0144402
0.0146155
0.0146448
0.0149387
0.0143624
0.0143774
0.0146394
0.0144278
0.0149167
0.0145844
0.0146151
0.0144109
0.0145963
0.0144453
0.0143773
0.0143785
0.014871
0.0143926
0.0146146
0.0145486
0.0143624
0.0145855
0.0145821
0.0148957
0.0146338
0.0143809
0.0144046
0.0144238
0.0146731
0.0143341
0.0147029
0.0146233
0.0145562
0.0146323
0.0143966
0.0146768
0.0144544
0.0144632
0.0143902
0.0143512
0.0145004
0.0146394
0.0148027
0.0144894
0.0143773
0.0144688
0.014388
0.0145838
0.0145016
0.0143775
0.0145245
0.0145709
0.0145293
0.0145342
0.0146366
0.0145269
0.0143732
0.0145844
0.0145406
0.0144117
0.0233852
0.0147597
