0.58566
0.597424
0.58853
0.589737
0.58511
0.592216
0.584115
0.589308
0.584407
0.587404
0.59503
0.596154
0.587039
0.583963
0.586366
0.586705
0.592238
0.593639
0.599778
0.585
0.588543
0.590329
0.590697
0.589033
0.591553
0.591153
0.585062
0.585922
0.585989
0.586774
0.587038
0.595811
0.59097
0.585747
0.585543
0.589216
0.593952
0.596934
0.586511
0.587057
0.589242
0.610522
0.594132
0.584612
0.586497
0.591431
0.586424
0.586665
0.586723
0.586354
0.591221
0.59718
0.58529
0.587796
0.585408
0.584383
0.58852
0.623136
0.587664
0.586461
0.62964
0.584668
0.595005
0.593747
0.6008
0.588425
0.585228
0.584543
0.594246
0.602805
0.584558
0.585291
0.587361
0.588755
0.589219
0.591467
0.594975
0.589152
0.5862
0.5864
0.589512
0.593554
0.586453
0.592159
0.592863
0.584321
0.587642
0.586376
0.595349
0.586981
0.584307
0.583519
0.581847
0.595856
0.593637
0.627088
0.584901
0.588524
0.589953
0.59008
