0.0045226
0.0044463
0.004459
0.0045964
0.0046288
0.0046089
0.0045001
0.0044688
0.0044143
0.0044881
0.0044842
0.004491
0.0045235
0.0043297
0.0044345
0.0044846
0.0046137
0.0045263
0.0044562
0.0046158
0.0045047
0.0045714
0.0044933
0.0046757
0.004499
0.0044964
0.0045393
0.0044633
0.0045142
0.0044751
0.0044367
0.0044297
0.0045138
0.0045137
0.0045948
0.0046284
0.0045107
0.0044943
0.0044274
0.0045106
0.0045057
0.0044747
0.0043776
0.0046845
0.004504
0.0045181
0.0044628
0.0044736
0.0044235
0.0043823
0.0045543
0.0045057
0.0046476
0.004433
0.0045489
0.0044427
0.0043963
0.0045035
0.0044644
0.0044129
0.0045675
0.004589
0.0044829
0.0045145
0.0044343
0.0044873
0.0045094
0.0045401
0.0044644
0.0044608
0.0044364
0.0044588
0.004377
0.0044505
0.004404
0.0044897
0.004531
0.0044753
0.0044119
0.0045032
0.0044355
0.0046234
0.0045313
0.0045474
0.0045752
0.0044405
0.0044385
0.0044789
0.0045752
0.0045979
0.0046254
0.0045084
0.0045443
0.0044365
0.0044027
0.0046234
0.004424
0.0045224
0.0044623
0.0043674
