2.61289
2.61462
2.6509
2.64833
2.61254
2.61293
2.64901
2.61392
2.62856
2.6378
2.61289
2.61858
2.61269
2.61329
2.61288
2.65443
2.62018
2.61276
2.64982
2.61884
2.61299
2.61283
2.61315
2.6137
2.65127
2.64911
2.62165
2.61994
2.61542
2.61352
2.66418
2.61686
2.61441
2.61245
2.65043
2.61318
2.61301
2.61287
2.61275
2.65788
2.61293
2.61284
2.61274
2.61266
2.61304
2.65319
2.65324
2.61275
2.65482
2.65178
2.61346
2.61296
2.61257
2.6136
2.61996
2.65218
2.61403
2.61219
2.61329
2.61221
2.62376
2.65583
2.6191
2.6138
2.65251
2.61676
2.6124
2.65421
2.6138
2.61916
2.65361
2.61323
2.61273
2.65397
2.61401
2.61287
2.61255
2.64175
2.61793
2.61422
2.65126
2.61863
2.64895
2.65223
2.62211
2.61297
2.61271
2.61259
2.61296
2.65325
2.61873
2.6127
2.65396
2.6125
2.69781
2.67457
2.62372
2.64373
2.61849
2.62209
