0.0001584
0.0001564
0.0001582
0.0001572
0.0001575
0.000158
0.0001571
0.0001578
0.0001599
0.0001572
0.0001573
0.0001586
0.0001576
0.000157
0.0001585
0.00016
0.0001568
0.000159
0.0001584
0.0001569
0.0001571
0.0001567
0.0001574
0.0001566
0.0001567
0.0001569
0.0001569
0.0001585
0.0001569
0.0001585
0.0001588
0.0001569
0.000157
0.0001585
0.0001583
0.0001584
0.0001595
0.000182
0.0001568
0.0001581
0.0001584
0.0001583
0.0001585
0.000157
0.000157
0.0001581
0.000157
0.0001572
0.00016
0.0001569
0.0001566
0.0001589
0.0002092
0.0001571
0.0001572
0.0001565
0.0001567
0.0001564
0.0001568
0.0001568
0.0001587
0.0001587
0.0001572
0.0001569
0.0001585
0.0001573
0.000157
0.0001585
0.0001575
0.0001571
0.0001587
0.0001568
0.0001571
0.0001583
0.0001571
0.0001579
0.0001595
0.0001572
0.0001568
0.0001592
0.0001566
0.0001566
0.0001584
0.0001579
0.0001571
0.0001584
0.000159
0.000157
0.0001578
0.0001574
0.0001566
0.0001568
0.0001588
0.0001565
0.0001567
0.0001568
0.0001572
0.000157
0.0001585
0.0001573
