0.266915
0.285043
0.275279
0.275174
0.271406
0.27561
0.278361
0.421623
0.316049
0.299224
0.295475
0.291846
0.325708
0.293928
0.329748
0.29935
0.349514
0.290223
0.275257
0.280755
0.278497
0.286664
0.292124
0.291228
0.347223
0.279009
0.280981
0.284449
0.283928
0.2743
0.277803
0.274702
0.282424
0.318932
0.280867
0.281496
0.282215
0.282243
0.281109
0.31546
0.285772
0.277527
0.284506
0.284923
0.285071
0.275806
0.278534
0.279121
0.278265
0.289153
0.277014
0.276867
0.290579
0.278106
0.279827
0.279332
0.274835
0.274159
0.297687
0.282675
0.291088
0.28585
0.286762
0.280502
0.278369
0.278945
0.279563
0.28603
0.277249
0.277296
0.277987
0.277575
0.276402
0.275301
0.278274
0.288726
0.279898
0.296819
0.287436
0.274237
0.278738
0.273921
0.283033
0.276194
0.279873
0.280662
0.285699
0.291626
0.346373
0.276074
0.278742
0.278991
0.282643
0.294278
0.310076
0.288266
0.281861
0.284389
0.285582
0.282542
