0.036836
0.0374643
0.0368475
0.0366058
0.0370914
0.0375258
0.0375106
0.037082
0.0382509
0.0372303
0.0376779
0.0371609
0.0367903
0.0372164
0.0370094
0.0372765
0.0372352
0.0375331
0.0378673
0.0372893
0.0370158
0.0372304
0.0374505
0.0375347
0.037133
0.0371655
0.0370006
0.0368013
0.0369962
0.0374052
0.0369594
0.037456
0.0381331
0.0376971
0.0371813
0.0372412
0.037541
0.0377378
0.0366705
0.0369817
0.0370439
0.0370137
0.036623
0.036708
0.0372313
0.0368329
0.0377547
0.0371139
0.037361
0.0376496
0.0373592
0.037171
0.0367539
0.0374567
0.0368732
0.0375069
0.0375291
0.0372563
0.0372709
0.0373106
0.0371482
0.0369057
0.0372334
0.0372329
0.0374236
0.0371185
0.0374892
0.0377895
0.0370667
0.0367893
0.0370956
0.0367142
0.0376073
0.0372697
0.0374273
0.0370492
0.0369295
0.0364865
0.0376036
0.0369602
0.0373911
0.0367295
0.0374681
0.0369945
0.0375822
0.0373977
0.0397273
0.037424
0.0378948
0.0367603
0.0370251
0.0369696
0.0380679
0.0370489
0.0371178
0.0368716
0.0371462
0.0372557
0.0397471
0.0370157
