0.0005902
0.0012708
0.0005908
0.0005945
0.0005949
0.0005991
0.0005948
0.0005952
0.0006425
0.0006003
0.0005946
0.0005937
0.0005949
0.0005951
0.0005916
0.000591
0.0005953
0.0005945
0.0005944
0.0005948
0.0005936
0.0005912
0.0005911
0.0005908
0.0005909
0.0005963
0.0005911
0.0005907
0.0005943
0.0005908
0.0005911
0.0005917
0.0005917
0.000591
0.0006338
0.0005915
0.0006
0.0005912
0.0005991
0.0005947
0.0005914
0.0005985
0.000591
0.0005988
0.000591
0.0005918
0.0005949
0.0005904
0.0005926
0.0005926
0.0005962
0.0005917
0.0005913
0.000591
0.0005947
0.0005971
0.0007465
0.000591
0.0006843
0.0005913
0.0005949
0.0005907
0.0005959
0.0006074
0.0005909
0.0005928
0.000595
0.0005904
0.0005912
0.0005943
0.0005934
0.0005909
0.0005949
0.0005909
0.0005986
0.0005911
0.0005907
0.0007937
0.0005951
0.0005914
0.0005931
0.0005955
0.0005909
0.000599
0.0005913
0.000591
0.0005923
0.0005966
0.0005942
0.0005909
0.0005907
0.0005929
0.0005926
0.000595
0.0007271
0.0005915
0.0005963
0.0005915
0.0005908
0.0005908
