0.0667512
0.0671197
0.0666758
0.0669011
0.0665314
0.0681679
0.0669399
0.0669556
0.0667854
0.0662568
0.0670423
0.0670271
0.0672488
0.067514
0.0669789
0.0669387
0.0672565
0.0666733
0.0663318
0.0666935
0.0680154
0.0664526
0.0661079
0.0670828
0.0659433
0.0666275
0.0669995
0.0663371
0.0654489
0.0669771
0.0666774
0.0663667
0.0667044
0.0673489
0.0667732
0.0665034
0.0664701
0.0676197
0.0671109
0.0670325
0.0659428
0.066575
0.0670677
0.065872
0.0662371
0.0665822
0.0667264
0.0668902
0.0668826
0.0662704
0.0665458
0.0674076
0.0663687
0.0674154
0.0666841
0.0672647
0.0670189
0.0674492
0.0666273
0.0665491
0.0661024
0.0672496
0.0668581
0.067185
0.0670849
0.0658789
0.067881
0.0668173
0.067353
0.0660904
0.0675543
0.0664564
0.0665444
0.0681222
0.0662421
0.0675295
0.0671808
0.0679964
0.066411
0.0670107
0.0675253
0.0662401
0.0679923
0.0662732
0.0688087
0.0665787
0.0663326
0.066544
0.0675142
0.0680171
0.0664479
0.0672826
0.0670404
0.0666869
0.0661332
0.0659866
0.0669831
0.0661569
0.0673902
0.0662535
