0.0072905
0.0077805
0.0078875
0.0075813
0.007704
0.0077833
0.0073611
0.0074752
0.0073512
0.0076703
0.0075089
0.0076559
0.0078264
0.007694
0.0095483
0.0082418
0.0100238
0.0083442
0.0080063
0.0100663
0.0073921
0.0075097
0.0096399
0.008702
0.0085767
0.0124311
0.0079672
0.0088407
0.0076672
0.0079144
0.0097222
0.0138087
0.0078649
0.0079123
0.0078496
0.0089994
0.0138188
0.009269
0.0079863
0.0094477
0.0079913
0.0165241
0.007442
0.0076356
0.007356
0.0074553
0.0101169
0.0073386
0.0094213
0.0078685
0.0091682
0.0074095
0.0074478
0.0073888
0.0072992
0.0072739
0.0074676
0.0074867
0.0075691
0.007572
0.0075935
0.007348
0.0074786
0.0075672
0.0074161
0.007373
0.0076528
0.007477
0.0073741
0.0075157
0.0080262
0.0074417
0.0074227
0.0075157
0.0076415
0.0073553
0.0073908
0.0075426
0.0086252
0.0100428
0.0076653
0.0077292
0.0077245
0.0072769
0.0073966
0.0075284
0.0079976
0.0073674
0.0081709
0.007305
0.0072568
0.0075055
0.0072894
0.0072636
0.0072844
0.0073636
0.0073428
0.0075016
0.0072879
0.0073841
