0.0047422
0.0046407
0.0048121
0.0047988
0.0046198
0.004966
0.0052694
0.0046279
0.0050138
0.004657
0.0046479
0.0050434
0.0047551
0.0046509
0.0050038
0.005227
0.0046309
0.004915
0.0047494
0.0046242
0.0049647
0.0048018
0.0046371
0.0047998
0.0049535
0.0046544
0.0049825
0.0052182
0.0048364
0.004664
0.0046373
0.0049763
0.0048311
0.0046383
0.0046347
0.0049176
0.0052363
0.0046489
0.004735
0.0047328
0.0046257
0.0048783
0.0053172
0.0046334
0.0048998
0.0048367
0.004639
0.0049004
0.0049769
0.004635
0.0048647
0.0051715
0.004671
0.0047192
0.0046862
0.0046942
0.0051254
0.0054006
0.0049105
0.0046392
0.0046239
0.0048209
0.0047473
0.0046198
0.0046956
0.0046508
0.0046426
0.0046559
0.0046614
0.0052083
0.0046376
0.0046375
0.0053347
0.0046255
0.0047799
0.0050385
0.0046265
0.0048714
0.0053427
0.0046358
0.0046422
0.0052714
0.0046384
0.0048827
0.0046399
0.0046477
0.0050438
0.004655
0.004633
0.0050479
0.0047198
0.0046478
0.0050931
0.0047414
0.0046189
0.004743
0.0049357
0.0046707
0.0048601
0.0047698
