7.84e-05
7.94e-05
7.96e-05
7.91e-05
7.87e-05
7.87e-05
7.87e-05
7.85e-05
7.88e-05
7.9e-05
8.06e-05
7.86e-05
7.84e-05
8.04e-05
7.84e-05
7.86e-05
0.0001061
7.88e-05
7.85e-05
8.48e-05
7.84e-05
7.87e-05
7.95e-05
7.94e-05
7.87e-05
7.87e-05
7.88e-05
7.88e-05
7.87e-05
7.85e-05
7.9e-05
7.84e-05
7.97e-05
7.97e-05
7.92e-05
7.88e-05
7.83e-05
7.9e-05
7.9e-05
7.86e-05
7.87e-05
7.98e-05
7.86e-05
8.06e-05
7.86e-05
7.83e-05
9.79e-05
7.86e-05
7.91e-05
8.27e-05
7.88e-05
7.83e-05
8e-05
7.88e-05
7.89e-05
8e-05
7.84e-05
7.83e-05
7.84e-05
7.83e-05
7.87e-05
7.85e-05
7.83e-05
7.86e-05
7.85e-05
7.82e-05
7.97e-05
7.9e-05
7.84e-05
7.89e-05
8.02e-05
7.95e-05
7.83e-05
8e-05
7.98e-05
7.99e-05
7.85e-05
7.86e-05
7.84e-05
7.97e-05
7.83e-05
7.85e-05
7.96e-05
7.88e-05
8.04e-05
7.84e-05
7.84e-05
7.99e-05
7.99e-05
7.9e-05
7.83e-05
7.88e-05
7.85e-05
7.81e-05
7.98e-05
7.92e-05
7.86e-05
7.89e-05
7.9e-05
7.84e-05
