0.0001836
0.0001828
0.0001834
0.0001843
0.0001839
0.0001861
0.0001874
0.0001833
0.000184
0.0001833
0.0001831
0.0001831
0.0001836
0.0001834
0.0001863
0.000183
0.0001844
0.0001831
0.0001935
0.0001834
0.0001833
0.0001846
0.0001835
0.0001861
0.0001902
0.0001839
0.000185
0.0001847
0.0001835
0.0001834
0.0001833
0.0001843
0.0001834
0.0001859
0.0001835
0.0001829
0.0001843
0.0001836
0.0001836
0.0001832
0.0001833
0.0001833
0.0001862
0.000184
0.0001842
0.000186
0.0001835
0.000184
0.0001839
0.000184
0.0001833
0.0001846
0.0001869
0.000183
0.0001847
0.0001834
0.0001836
0.0001846
0.0001857
0.0001831
0.0001836
0.0001843
0.0001865
0.0001845
0.000197
0.0001834
0.0001832
0.0001875
0.0001845
0.0001832
0.0001984
0.000183
0.0001833
0.0001854
0.0001835
0.0001833
0.0002069
0.0001836
0.0001837
0.0001831
0.0001832
0.000184
0.0001831
0.0001834
0.0001833
0.0001835
0.0001835
0.0001844
0.0001833
0.0001832
0.000185
0.0001836
0.0001831
0.0001841
0.0001874
0.0001838
0.0001852
0.0001832
0.0001842
0.0001834
