0.0699791
0.073023
0.0718227
0.0706757
0.071002
0.0702521
0.0727776
0.0717785
0.0723819
0.0706991
0.0737566
0.0727535
0.0727183
0.071969
0.0692359
0.0699358
0.0719422
0.0916226
0.0726432
0.0692332
0.0692472
0.070544
0.0707157
0.0690015
0.0695709
0.0691906
0.0695734
0.0693834
0.0728753
0.0708887
0.0700271
0.0691287
0.0743984
0.0715224
0.132784
0.0708053
0.0701307
0.0735256
0.0704013
0.0730256
0.0718307
0.0698074
0.069245
0.0734248
0.0692644
0.0712757
0.0675416
0.0717724
0.0684716
0.0700905
0.0704193
0.0686544
0.07164
0.0702798
0.0803815
0.0693838
0.0714337
0.069992
0.0748311
0.0705579
0.0722399
0.109488
0.0718508
0.0712976
0.0698065
0.0726576
0.0683082
0.0733741
0.0695708
0.0713219
0.0694224
0.0709241
0.0721409
0.0713195
0.0708519
0.0705628
0.0724524
0.067221
0.0707895
0.0712516
0.0794792
0.0729882
0.0705833
0.0714239
0.0711507
0.113137
0.0709118
0.0696622
0.0699608
0.0708317
0.0708805
0.07156
0.0707312
0.072368
0.0701447
0.0712052
0.071006
0.072314
0.0697842
0.0717141
