0.0174767
0.0171511
0.0171094
0.0170746
0.0173146
0.0176733
0.0171486
0.0171019
0.0173124
0.0171561
0.0175029
0.0172299
0.017578
0.0178377
0.0172441
0.0170968
0.0172687
0.0169859
0.017157
0.0172125
0.0172175
0.0171573
0.017442
0.0174439
0.0172269
0.0173085
0.0176121
0.0170521
0.017067
0.0172992
0.0171796
0.0171757
0.0174697
0.0171367
0.0170323
0.0171765
0.01729
0.0172977
0.0173715
0.0171663
0.0173857
0.0172399
0.0176913
0.0176813
0.0173204
0.0174872
0.0175321
0.0170588
0.0177431
0.0170556
0.0172649
0.0171427
0.0169014
0.0173742
0.0172093
0.0172806
0.0178101
0.0174395
0.0169766
0.0170755
0.0172892
0.0172626
0.0174027
0.0172943
0.0174403
0.0172985
0.0170666
0.0171904
0.0171265
0.0178624
0.0172316
0.0173435
0.0177636
0.0172807
0.0172315
0.0172991
0.0179624
0.0173945
0.0171908
0.017362
0.0171206
0.0174818
0.0173032
0.0169181
0.0171782
0.0171198
0.0172611
0.0174572
0.0171157
0.0172613
0.0170927
0.0176582
0.0172165
0.017277
0.0171431
0.0175071
0.0168758
0.0170949
0.0173023
0.0173066
