0.0024006
0.0024066
0.0024036
0.0024533
0.0024015
0.0024013
0.0024018
0.0024742
0.0024005
0.0023997
0.002405
0.0025596
0.0024029
0.0024016
0.0024014
0.0024031
0.0024006
0.002514
0.0024006
0.0024029
0.0024358
0.0025557
0.0024031
0.0024003
0.0024142
0.0024118
0.0024
0.0024014
0.0024032
0.0025828
0.0024026
0.002402
0.0024046
0.0024038
0.0025434
0.0026535
0.0024023
0.0024
0.0025299
0.0024013
0.0025166
0.0026549
0.0024215
0.0024005
0.0023999
0.0023998
0.0024001
0.0023996
0.0028361
0.0024003
0.0024011
0.0024101
0.0025457
0.0023995
0.0024002
0.0025662
0.0024019
0.0025514
0.0024032
0.002409
0.0024029
0.0023998
0.0024003
0.0024049
0.0024263
0.0024037
0.0024026
0.0024112
0.0024129
0.0024053
0.0024038
0.0024057
0.0024013
0.0024198
0.0024004
0.0026598
0.0025139
0.0024052
0.0027538
0.0024012
0.0024024
0.0026618
0.0024025
0.0024034
0.0025918
0.0024037
0.0023991
0.0025338
0.002402
0.0024103
0.0024021
0.0024209
0.0024073
0.002401
0.0024017
0.0024253
0.0023995
0.0024024
0.0025212
0.0024059
