0.0117047
0.0133149
0.0117096
0.0123072
0.0118991
0.0115526
0.0132631
0.0115628
0.0115925
0.0122419
0.0116427
0.0115643
0.0116975
0.0125145
0.0125943
0.012089
0.0117126
0.0115462
0.0118215
0.0124967
0.0117117
0.0116884
0.0118465
0.0116821
0.0119581
0.0119246
0.0115505
0.0121478
0.0127686
0.0115686
0.011659
0.0117353
0.0117312
0.0116343
0.0130824
0.0125297
0.0117377
0.0124624
0.0115582
0.011732
0.0126722
0.0130037
0.0116506
0.0116911
0.0131662
0.0115797
0.0117632
0.0117581
0.0115827
0.0119878
0.0119462
0.0115655
0.0122494
0.0116129
0.0137571
0.0116807
0.0125488
0.0115938
0.0117921
0.0117254
0.0124776
0.0116015
0.0123822
0.0115715
0.0115487
0.0117644
0.013079
0.0116402
0.0119352
0.012187
0.0115841
0.0122487
0.0119265
0.0116293
0.0126701
0.0116044
0.012937
0.0119233
0.0127898
0.011595
0.0125495
0.0124949
0.0120202
0.0119242
0.0115639
0.0116834
0.0117897
0.0115601
0.0116556
0.0124999
0.0131157
0.0125451
0.0129398
0.0116005
0.0120219
0.0115599
0.0117049
0.0117268
0.0117721
0.012727
