0.146584
0.149891
0.148251
0.149711
0.146902
0.148183
0.148868
0.146989
0.147057
0.145619
0.147207
0.147795
0.146108
0.14932
0.146925
0.15631
0.145747
0.148578
0.145502
0.147421
0.148811
0.147519
0.148054
0.148053
0.14935
0.14668
0.146381
0.148971
0.147078
0.146557
0.146763
0.148135
0.146291
0.146863
0.148355
0.147339
0.146363
0.146223
0.149671
0.146312
0.147135
0.148128
0.146835
0.146224
0.146576
0.148538
0.146271
0.146204
0.147368
0.146726
0.146264
0.145884
0.1483
0.148431
0.146166
0.147095
0.146627
0.146115
0.145533
0.147305
0.149912
0.147066
0.146575
0.146894
0.146822
0.14649
0.148948
0.148407
0.148035
0.146684
0.146688
0.146723
0.146951
0.146429
0.149133
0.14648
0.14872
0.146198
0.146973
0.147739
0.147082
0.146145
0.145701
0.1466
0.149013
0.147844
0.147154
0.146807
0.148119
0.146743
0.14791
0.146068
0.146445
0.147319
0.148
0.14694
0.147836
0.146841
0.147863
0.147588
