0.0102324
0.0104567
0.0100686
0.010632
0.0100927
0.0102796
0.0100902
0.010192
0.0101256
0.0101096
0.0099957
0.0101086
0.0100811
0.0101797
0.0100933
0.0100852
0.0103822
0.0100941
0.0101308
0.0102041
0.0101475
0.0100793
0.0101947
0.0101086
0.010257
0.0100668
0.0102734
0.0100765
0.0101213
0.0101978
0.0101548
0.0101444
0.0102322
0.0101958
0.0102103
0.0100856
0.010101
0.0101018
0.0101979
0.0101104
0.0100608
0.0102256
0.010202
0.0100497
0.0101933
0.010332
0.0101525
0.0100987
0.0100833
0.0101449
0.0100918
0.0099886
0.0103311
0.0102639
0.0100808
0.010116
0.0100821
0.0100682
0.0101224
0.0101869
0.0100819
0.0102098
0.0100631
0.0100792
0.0100987
0.0100809
0.0101124
0.0102052
0.0102634
0.0100862
0.0102112
0.0101462
0.0102729
0.0102505
0.0102216
0.0101076
0.0101211
0.0101034
0.0100797
0.0100724
0.0102359
0.0102015
0.0101565
0.0101883
0.010246
0.0100897
0.0100879
0.0100749
0.0101477
0.0101353
0.0101883
0.0100729
0.0099678
0.0101512
0.0100823
0.010076
0.0102482
0.0100648
0.0101704
0.0100839
