0.004089
0.0039967
0.0040588
0.0039776
0.0041233
0.0040672
0.004066
0.004005
0.0040373
0.0041743
0.0041153
0.0040359
0.0040623
0.0040384
0.0040439
0.0040542
0.0040153
0.0039817
0.0042251
0.0040258
0.0040361
0.0041412
0.0040468
0.0040047
0.0040024
0.0040352
0.0041209
0.004079
0.0040096
0.0040729
0.0040156
0.0040377
0.0041011
0.0040894
0.004006
0.0040261
0.0039976
0.004019
0.0041304
0.004027
0.004028
0.0040508
0.0041273
0.0041025
0.0040556
0.0040317
0.0040574
0.0041039
0.0041162
0.0040183
0.0041153
0.0040146
0.0040057
0.0040129
0.0040638
0.0040865
0.0039974
0.0041018
0.004025
0.0039946
0.004016
0.0040246
0.0040491
0.0042142
0.0040272
0.0039535
0.0040168
0.004005
0.0040328
0.0040524
0.0040592
0.00404
0.0039863
0.0040017
0.0039825
0.0040299
0.0040484
0.0040254
0.0040338
0.0041915
0.0040635
0.0040843
0.0040293
0.0040029
0.003992
0.0041446
0.003998
0.0040254
0.0040006
0.0041158
0.0039978
0.0041147
0.0040654
0.0040881
0.0039977
0.0040384
0.00405
0.0041551
0.0039961
0.0040992
