0.103128
0.127984
0.105079
0.106417
0.103529
0.104583
0.103756
0.103807
0.103832
0.103325
0.104971
0.107783
0.103938
0.103123
0.105687
0.103833
0.102974
0.10405
0.103779
0.103715
0.102828
0.104135
0.104685
0.103503
0.105527
0.10386
0.104051
0.103808
0.103299
0.107316
0.104075
0.103902
0.10476
0.105347
0.10306
0.103664
0.103075
0.104124
0.104872
0.104209
0.103514
0.10534
0.102875
0.105495
0.104228
0.10371
0.104688
0.103838
0.104474
0.103302
0.104002
0.104902
0.103535
0.102625
0.103514
0.104842
0.102892
0.10375
0.103902
0.103657
0.104248
0.103859
0.105208
0.104631
0.103074
0.129393
0.103729
0.104669
0.103881
0.103134
0.104362
0.103959
0.103617
0.104872
0.104742
0.102892
0.103416
0.103362
0.104736
0.103613
0.104317
0.104533
0.106434
0.103961
0.104385
0.104499
0.104582
0.103641
0.10474
0.103458
0.102873
0.103973
0.105348
0.102485
0.103167
0.103565
0.104624
0.103289
0.103648
0.103367
