0.247999
0.254215
0.248248
0.252595
0.267245
0.252046
0.24984
0.275898
0.287497
0.247648
0.251647
0.248842
0.250857
0.247698
0.247408
0.248739
0.24988
0.248079
0.247152
0.248036
0.248076
0.246818
0.247433
0.245575
0.246749
0.246518
0.249065
0.248218
0.244607
0.248586
0.245032
0.247505
0.249566
0.247195
0.244996
0.246089
0.249844
0.246798
0.245526
0.246333
0.245684
0.246237
0.249857
0.249258
0.247256
0.245722
0.249118
0.247292
0.251144
0.246273
0.247336
0.246468
0.247795
0.247283
0.246284
0.250518
0.2497
0.249021
0.248317
0.247081
0.248767
0.244631
0.24591
0.246375
0.245785
0.246324
0.246065
0.247884
0.247217
0.245571
0.24779
0.249204
0.24766
0.246887
0.246511
0.246286
0.246289
0.248489
0.246142
0.247975
0.245706
0.247383
0.247737
0.247457
0.247176
0.248002
0.248576
0.24737
0.248129
0.2455
0.24896
0.247166
0.246721
0.248882
0.247489
0.250468
0.246876
0.249127
0.247228
0.247382
