2.6e-05
2.63e-05
2.63e-05
2.61e-05
2.62e-05
2.64e-05
2.62e-05
2.63e-05
2.64e-05
2.61e-05
2.62e-05
2.62e-05
2.62e-05
2.62e-05
2.62e-05
2.63e-05
2.62e-05
2.62e-05
2.63e-05
2.61e-05
2.62e-05
2.61e-05
2.62e-05
2.62e-05
2.62e-05
2.61e-05
2.62e-05
2.61e-05
2.65e-05
2.62e-05
2.61e-05
2.61e-05
2.61e-05
2.61e-05
2.61e-05
2.61e-05
2.62e-05
2.62e-05
2.62e-05
2.65e-05
2.61e-05
2.62e-05
2.64e-05
2.6e-05
2.62e-05
2.64e-05
2.63e-05
2.62e-05
2.62e-05
2.63e-05
2.63e-05
2.61e-05
2.61e-05
2.63e-05
2.61e-05
2.63e-05
2.64e-05
2.6e-05
2.62e-05
2.61e-05
2.64e-05
2.61e-05
2.63e-05
2.63e-05
2.63e-05
2.6e-05
2.61e-05
2.63e-05
2.61e-05
2.63e-05
2.62e-05
2.84e-05
2.62e-05
2.62e-05
2.64e-05
2.61e-05
2.62e-05
2.61e-05
2.62e-05
2.61e-05
2.63e-05
2.63e-05
2.62e-05
2.62e-05
2.62e-05
2.62e-05
2.61e-05
2.61e-05
2.61e-05
2.62e-05
2.61e-05
2.62e-05
2.6e-05
2.62e-05
2.64e-05
2.62e-05
2.65e-05
2.63e-05
2.64e-05
2.62e-05
