0.73005
0.731226
0.728969
0.784289
0.735557
0.731955
0.725245
0.765306
0.726547
0.740181
0.762141
0.731521
0.730045
0.768465
0.727961
0.729772
0.723494
0.72634
0.727869
0.72595
0.731887
0.730184
0.774794
0.731321
0.72705
0.724695
0.759757
0.736779
0.727151
0.728718
0.776253
0.729068
0.726076
0.726859
0.729388
0.741698
0.728334
0.734448
0.729028
0.729214
0.730886
0.729585
0.726657
0.726347
0.728169
0.723653
0.771009
0.729203
0.728486
0.727324
0.757639
0.730536
0.727375
0.735848
0.727008
0.7264
0.740788
0.731343
0.728558
0.728025
0.725689
0.733908
0.728278
0.725937
0.729971
0.731893
0.727307
0.726026
0.727915
0.724958
0.726036
0.737095
0.730495
0.729209
0.734671
0.72831
0.7279
0.720586
0.766174
0.729778
0.731944
0.725512
0.763175
0.724737
0.725964
0.726007
0.755034
0.738247
0.728445
0.737771
0.726601
0.758776
0.720993
0.729286
0.726475
0.72728
0.726148
0.730648
0.738553
0.732251
