0.0169781
0.0165165
0.0165618
0.0168092
0.0164032
0.0165585
0.016839
0.0167869
0.0167969
0.0168396
0.0171443
0.0168978
0.0168464
0.0168294
0.0169563
0.0167895
0.0167231
0.0169158
0.0167656
0.0167118
0.0172306
0.0166438
0.0168803
0.0171726
0.0168219
0.0168674
0.0165421
0.0170302
0.0167649
0.0165364
0.0166336
0.0170868
0.0165148
0.0168899
0.01691
0.0167579
0.0167375
0.016669
0.0171453
0.0168028
0.0166671
0.0168053
0.0167826
0.017043
0.0169798
0.0168907
0.0167145
0.0166207
0.0175061
0.0169192
0.0167143
0.016826
0.017
0.016833
0.016911
0.0167341
0.0168515
0.0166092
0.0170682
0.0168946
0.0166235
0.0170965
0.0171219
0.0167667
0.0167553
0.0169336
0.0168579
0.016753
0.0167999
0.0171154
0.0167622
0.0166624
0.0168181
0.016717
0.0166123
0.0169132
0.0166771
0.0163834
0.016739
0.0171367
0.0171515
0.0165678
0.0167399
0.0170471
0.0167181
0.0166924
0.0170355
0.0167092
0.0167893
0.0168105
0.0169574
0.0165565
0.0167566
0.016872
0.0167998
0.0168885
0.016522
0.017075
0.0169153
0.0165095
