0.0103184
0.0102054
0.010239
0.0102406
0.0102597
0.0102692
0.0102759
0.0102307
0.0107615
0.0103284
0.0102141
0.010238
0.0102325
0.0103086
0.0105618
0.0102461
0.0103783
0.0102704
0.0126714
0.0113604
0.010811
0.0102913
0.0103126
0.0109495
0.0108269
0.0108763
0.0107336
0.0104728
0.0104218
0.0102381
0.0102691
0.0102131
0.0102576
0.0102899
0.010072
0.0102968
0.0102165
0.0102028
0.0102491
0.0102824
0.0104972
0.010232
0.0108408
0.010681
0.0108579
0.0112801
0.0104068
0.0106168
0.0102607
0.010226
0.010233
0.0102786
0.0102394
0.0102703
0.010224
0.0101995
0.0102759
0.0102841
0.0113554
0.0102103
0.01027
0.0102417
0.0102332
0.0103111
0.0103079
0.0102487
0.0102959
0.0102439
0.0101743
0.0105091
0.0102434
0.0102393
0.0101846
0.0102758
0.0102508
0.0102782
0.0102206
0.0102081
0.0104414
0.0102536
0.0101839
0.0102451
0.0105455
0.0102566
0.0101829
0.0102628
0.0102431
0.0102534
0.0102579
0.0101779
0.0102447
0.0102427
0.0105583
0.0107772
0.0102099
0.0101772
0.010276
0.0102308
0.0102338
0.0102138
