0.148311
0.149268
0.148025
0.150372
0.147474
0.146551
0.148112
0.146683
0.1474
0.147251
0.147999
0.147043
0.147499
0.149509
0.150314
0.150182
0.147946
0.147579
0.147656
0.146627
0.149089
0.148642
0.147581
0.148014
0.148019
0.148329
0.147448
0.150699
0.149521
0.149545
0.147588
0.147931
0.147514
0.147681
0.146249
0.147943
0.147712
0.150103
0.14694
0.148852
0.147758
0.148025
0.148596
0.149063
0.150041
0.146844
0.147819
0.147462
0.148491
0.149097
0.188751
0.148546
0.148466
0.146274
0.147276
0.149082
0.149434
0.146756
0.149732
0.160922
0.147411
0.149353
0.149695
0.151169
0.147393
0.147491
0.147395
0.14782
0.14913
0.147472
0.147051
0.14893
0.146984
0.146922
0.14883
0.147705
0.148417
0.150211
0.148466
0.147529
0.146474
0.147353
0.148528
0.148765
0.149185
0.14754
0.148445
0.147927
0.147294
0.147703
0.148151
0.149739
0.147734
0.148153
0.180662
0.148187
0.149248
0.150017
0.147908
0.148336
