0.0014151
0.0014137
0.0014121
0.0014225
0.0014134
0.0014146
0.0014156
0.001416
0.0014171
0.0014195
0.0014149
0.0014148
0.0014143
0.0014146
0.0014119
0.0014146
0.0014152
0.0014134
0.0014125
0.0014173
0.0014208
0.0014227
0.0014361
0.0014128
0.0014142
0.0014149
0.0014361
0.0014197
0.0014153
0.0014188
0.0014598
0.0014148
0.0014155
0.0014168
0.0015049
0.0014104
0.0014132
0.0014145
0.0016301
0.0014146
0.0014145
0.001421
0.0014409
0.0014139
0.0014346
0.0014198
0.0014987
0.001423
0.0014162
0.0014163
0.0014161
0.0014122
0.0014182
0.0014163
0.0014166
0.0014144
0.0014153
0.0014132
0.0014745
0.0014173
0.0014172
0.0014135
0.0014159
0.0014158
0.0014139
0.0014166
0.0014158
0.0014176
0.0014136
0.0014148
0.0014155
0.0014168
0.0014199
0.0014217
0.0014138
0.0015285
0.0014192
0.0014138
0.0014138
0.0014738
0.0014293
0.0014146
0.0014159
0.0014151
0.0014153
0.001425
0.001414
0.0014468
0.0014149
0.0014165
0.001421
0.0014167
0.0014127
0.0014297
0.0014181
0.0014468
0.0014219
0.0014134
0.0014201
0.0014163
