0.408332
0.410801
0.413787
0.414442
0.413023
0.435842
0.412184
0.423067
0.41041
0.415323
0.458603
0.411041
0.409053
0.408905
0.409079
0.41911
0.45697
0.414996
0.412495
0.418287
0.416636
0.410851
0.414743
0.412791
0.420426
0.41115
0.412187
0.444551
0.411537
0.409472
0.413026
0.411536
0.412204
0.40994
0.417193
0.448462
0.411428
0.412017
0.412979
0.419277
0.415988
0.417596
0.467191
0.413481
0.412251
0.417927
0.484726
0.414107
0.454632
0.494886
0.41718
0.419515
0.422391
0.423284
0.450835
0.446549
0.415419
0.406972
0.440442
0.424843
0.433096
0.438031
0.412536
0.421221
0.435676
0.511644
0.434071
0.432186
0.429733
0.424555
0.441546
0.418959
0.420126
0.423905
0.446722
0.425745
0.435039
0.417013
0.417013
0.477107
0.476817
0.430571
0.473401
0.428641
0.428215
0.43078
0.435256
0.437369
0.476503
0.425258
0.430275
0.425264
0.424018
0.42542
0.435764
0.434806
0.429279
0.420468
0.425893
0.46718
