0.290931
0.296122
0.293279
0.291378
0.291526
0.291063
0.295558
0.291121
0.290757
0.29122
0.291269
0.292604
0.291185
0.295878
0.290874
0.290951
0.296033
0.290826
0.290725
0.290898
0.294647
0.291238
0.295286
0.295795
0.291314
0.291198
0.290966
0.290842
0.290797
0.290866
0.290917
0.291338
0.29081
0.290923
0.291475
0.290853
0.291832
0.295992
0.29123
0.296145
0.294395
0.291086
0.291253
0.290841
0.296398
0.291341
0.291463
0.29309
0.291328
0.29511
0.291
0.296256
0.290929
0.295948
0.29105
0.290894
0.290843
0.290873
0.294363
0.290937
0.292485
0.291016
0.291
0.29204
0.291405
0.296593
0.329387
0.295083
0.293667
0.292397
0.292591
0.29172
0.29692
0.291848
0.292845
0.293154
0.29643
0.291773
0.291201
0.296238
0.291241
0.291088
0.290818
0.291013
0.29115
0.290859
0.298481
0.291031
0.290856
0.294616
0.290957
0.29144
0.295235
0.291461
0.291338
0.290835
0.290994
0.291013
0.294777
0.292963
