1.20582
1.21708
1.2036
1.30766
1.22155
1.24662
1.19616
1.26579
1.19427
1.25083
1.20252
1.2045
1.20831
1.26237
1.23122
1.21699
1.21545
1.20671
1.22437
1.18389
1.20572
1.19752
1.21049
1.19898
1.19593
1.22845
1.22987
1.22592
1.2153
1.19873
1.22462
1.22291
1.20127
1.212
1.2261
1.21834
1.21388
1.20123
1.18342
1.21769
1.20603
1.24222
1.21737
1.24076
1.20382
1.39732
1.24671
1.12784
1.16967
1.12588
1.15138
1.12594
1.12971
1.16185
1.15161
1.15236
1.15472
1.16988
1.13058
1.12932
1.13091
1.13617
1.13189
1.13865
1.14209
1.14279
1.12444
1.13502
1.12545
1.14768
1.13065
1.15581
1.13203
1.12468
1.13425
1.12296
1.18619
1.13969
1.1342
1.12271
1.12801
1.16392
1.12582
1.12272
1.14046
1.13259
1.16974
1.13166
1.15918
1.17171
1.15991
1.15237
1.13833
1.18159
1.29744
1.19683
1.12664
1.15088
1.23401
1.12119
