0.147009
0.147903
0.146624
0.146772
0.146654
0.147693
0.147715
0.147496
0.147733
0.147219
0.14686
0.14681
0.14986
0.147193
0.14722
0.146462
0.147966
0.147505
0.147262
0.147467
0.147478
0.146601
0.14801
0.145317
0.146832
0.147253
0.148845
0.146112
0.145791
0.145538
0.146494
0.14801
0.146434
0.149126
0.146739
0.146993
0.146804
0.14631
0.148153
0.146114
0.14696
0.147765
0.146161
0.147084
0.147769
0.149999
0.145994
0.147741
0.155692
0.146854
0.14684
0.146457
0.147962
0.146793
0.146913
0.149221
0.147067
0.148952
0.145456
0.14993
0.147203
0.147993
0.150237
0.147071
0.14872
0.146868
0.148595
0.146578
0.146761
0.148325
0.147736
0.148591
0.147743
0.148871
0.147732
0.147692
0.149071
0.145938
0.150229
0.147582
0.149758
0.146112
0.14659
0.146691
0.146016
0.148227
0.147378
0.149425
0.147104
0.1463
0.145563
0.145946
0.146592
0.148479
0.148918
0.147174
0.147569
0.147874
0.146988
0.14703
