0.0048966
0.0045644
0.0045434
0.0046705
0.0048373
0.0045663
0.0045187
0.0045925
0.0045854
0.0044948
0.0048865
0.0045293
0.0050427
0.0050107
0.004623
0.0045083
0.0046379
0.00454
0.0047293
0.0045604
0.0046387
0.0045173
0.0045067
0.0049417
0.0045974
0.0049279
0.0045734
0.0045434
0.004541
0.0045009
0.0045633
0.0044957
0.0045607
0.0045005
0.0045442
0.0045074
0.0046144
0.0049512
0.0046096
0.0046877
0.004562
0.0045172
0.0045349
0.0045354
0.004872
0.004632
0.004604
0.0045958
0.0045019
0.0045279
0.0045671
0.0045315
0.0046823
0.0048138
0.0045006
0.0046468
0.0046693
0.0048628
0.0045463
0.0046712
0.0045045
0.0045478
0.0045079
0.0047077
0.0047323
0.0046289
0.0045272
0.0045337
0.0045686
0.0045106
0.0045324
0.0045426
0.0045745
0.0045501
0.0045242
0.0049214
0.0045172
0.004512
0.0045663
0.0046282
0.0048098
0.0046338
0.004508
0.0045194
0.004509
0.00458
0.0045593
0.0046306
0.0045984
0.0045067
0.0044991
0.0048403
0.0049085
0.0047498
0.0045641
0.0045102
0.0045057
0.0045519
0.0047721
0.0044915
