2.63118
2.62474
2.61871
2.61837
2.61835
2.6176
2.61978
2.61795
2.6603
2.61886
2.61783
2.7146
2.69254
2.66991
2.68516
2.62725
2.62675
2.63198
2.69919
2.6724
2.73538
2.65969
2.6378
2.67554
2.63112
2.6259
2.67724
2.64568
2.65711
2.67105
2.63824
2.65663
2.69625
2.63076
2.66278
2.62606
2.71418
2.69599
2.62479
2.65921
2.62699
2.67366
2.67771
2.65036
2.63748
2.6324
2.63029
2.6265
2.66806
2.63227
2.63748
2.66151
2.68272
2.64045
2.66955
2.71061
2.63305
2.7169
2.649
2.63579
2.68818
2.62799
2.62692
2.63305
2.71476
2.68002
2.63428
2.62649
2.68508
2.6313
2.62552
2.70554
2.69061
2.62576
2.69086
2.66344
2.62611
2.63572
2.62613
2.63481
2.69143
2.66478
2.61805
2.61908
2.6188
2.6202
2.62543
2.65904
2.61826
2.62196
2.65953
2.61861
2.61803
2.66139
2.61878
2.61897
2.66204
2.62277
2.61853
2.66039
