0.000159
0.0001559
0.0001555
0.0001585
0.0001568
0.0001558
0.0001581
0.0001569
0.0001571
0.0001565
0.0001566
0.0001559
0.0001569
0.0001567
0.0001559
0.00016
0.000156
0.0001573
0.0001561
0.0001554
0.0001584
0.0001569
0.0001576
0.0001558
0.000156
0.000158
0.0001569
0.0001572
0.0001557
0.0001577
0.0001564
0.0001561
0.0001565
0.0001556
0.0001648
0.0001585
0.0001578
0.0001565
0.0001573
0.0001586
0.0001562
0.0001597
0.0001575
0.0001595
0.0001569
0.0001567
0.0001567
0.0001582
0.000157
0.0001565
0.0001566
0.0001567
0.0001567
0.000157
0.0001571
0.0001555
0.000158
0.0001567
0.0001573
0.0001588
0.000158
0.0001619
0.0001581
0.0001566
0.0001597
0.0001564
0.0001606
0.0001583
0.0001754
0.0001577
0.0001583
0.0001582
0.0001564
0.000157
0.000156
0.0001573
0.0001569
0.0001564
0.0001571
0.0001578
0.0001563
0.000159
0.0001586
0.0001608
0.0001571
0.0001582
0.0001594
0.0001639
0.0001578
0.0001579
0.000156
0.0001596
0.0001584
0.0001575
0.0001581
0.0001598
0.0001565
0.0001575
0.0001564
0.0001556
