0.0098259
0.0098073
0.0098168
0.0107136
0.0105316
0.0105909
0.0098133
0.0105321
0.0098911
0.0098279
0.0098063
0.0099727
0.0101571
0.0098299
0.0110925
0.0098577
0.0098214
0.009858
0.0100016
0.0101044
0.00981
0.0098315
0.0099122
0.0100802
0.0098147
0.0109209
0.0098567
0.0109211
0.0098187
0.0098765
0.0100045
0.0099457
0.0098532
0.0103335
0.0098198
0.0098539
0.0098115
0.0098128
0.009827
0.0099208
0.0111208
0.0106625
0.0098087
0.0109606
0.0099651
0.0098149
0.0106177
0.0098515
0.01001
0.009804
0.0107025
0.0105186
0.0111955
0.0098102
0.0098098
0.0098389
0.0098624
0.0100263
0.0101213
0.0104107
0.0102755
0.0107566
0.0109443
0.0102184
0.0101676
0.0101104
0.0110937
0.0098185
0.0102821
0.0098426
0.0100105
0.0099276
0.0098908
0.0098713
0.0107918
0.0099129
0.0108675
0.0099094
0.010956
0.0098854
0.0107609
0.0098407
0.0108638
0.0106616
0.0103739
0.0098892
0.0107387
0.0107845
0.0112121
0.0100409
0.0098181
0.0102527
0.010202
0.0098822
0.0109493
0.010731
0.0099535
0.0105046
0.0098303
0.010114
