0.0079212
0.0081636
0.0082208
0.0084377
0.008533
0.0079524
0.0078561
0.007848
0.0078313
0.0079288
0.0079089
0.0079886
0.0081869
0.0078497
0.0079604
0.0079604
0.0078473
0.008164
0.0084026
0.0081853
0.0079297
0.0080285
0.0078324
0.0079867
0.0078297
0.0085044
0.0079808
0.0078573
0.0079062
0.0082024
0.0082675
0.0078843
0.0079045
0.0079197
0.0078654
0.0079895
0.0079245
0.0079126
0.0079376
0.0083644
0.0080477
0.0080879
0.0081397
0.0078719
0.0079075
0.0081242
0.0081672
0.0080277
0.0080326
0.0079449
0.0080726
0.0078311
0.0079434
0.0078827
0.008034
0.0081246
0.0079808
0.0077977
0.007915
0.0080101
0.0078817
0.0079807
0.007873
0.0082911
0.008131
0.0080772
0.0081279
0.0079209
0.0078546
0.0083074
0.0080003
0.0081661
0.0080457
0.0084467
0.0091512
0.0077441
0.0077817
0.007873
0.0078496
0.0079642
0.0080518
0.008393
0.0095036
0.0077018
0.014672
0.0078691
0.0078929
0.0078136
0.0079833
0.0080842
0.0078728
0.007852
0.0078517
0.0078316
0.0077995
0.0078655
0.0081487
0.0078653
0.0078639
0.0077285
