0.0057097
0.005772
0.0057812
0.0057131
0.0057412
0.0057647
0.0058952
0.0057395
0.0057895
0.0057356
0.005856
0.0057552
0.0058263
0.0057395
0.0058913
0.0058562
0.0057415
0.005699
0.0057775
0.0058317
0.0057064
0.0057085
0.0057102
0.0056948
0.0057738
0.0058029
0.0057273
0.0057132
0.005688
0.0057635
0.0057089
0.0062545
0.0057479
0.005742
0.0057576
0.0057294
0.0057536
0.0057573
0.0057214
0.0057186
0.0057661
0.0058576
0.0057301
0.0057319
0.005875
0.0057531
0.0057739
0.0059181
0.0058081
0.0057396
0.0057371
0.0058191
0.0058031
0.0058205
0.0057282
0.0057474
0.0057571
0.0057505
0.0057807
0.0057548
0.0057393
0.0057612
0.005723
0.0057266
0.0057282
0.0058428
0.0059017
0.005751
0.0057293
0.0056999
0.0057346
0.0058273
0.0061353
0.0058437
0.0064343
0.005723
0.0057064
0.0057404
0.0057352
0.0057158
0.0059717
0.0057547
0.0057454
0.0058061
0.0057451
0.0057134
0.0056839
0.0058041
0.0058883
0.0057238
0.005839
0.0057115
0.0057098
0.0057005
0.0057393
0.0057099
0.0056671
0.0057176
0.0057369
0.0056899
