0.0012454
0.001253
0.0012429
0.0012448
0.0012479
0.0012456
0.0012479
0.0012459
0.0012518
0.0012527
0.0012487
0.0012443
0.0012552
0.0012594
0.00125
0.0012463
0.001251
0.0012594
0.0012509
0.0012484
0.0012525
0.0012495
0.0012438
0.0014044
0.0012542
0.0012479
0.0012446
0.0012447
0.0012482
0.001244
0.0012534
0.0015718
0.0012512
0.001249
0.0012505
0.0012497
0.0012426
0.0012454
0.0013755
0.0012501
0.0012438
0.0012507
0.0012516
0.0012511
0.0012441
0.0012464
0.0012452
0.0012432
0.0012422
0.0012535
0.0012509
0.0012494
0.0013311
0.0012507
0.0012478
0.0012526
0.0012449
0.0012491
0.0012424
0.0012553
0.0012448
0.0012525
0.0015793
0.0012444
0.0012454
0.0012576
0.0012425
0.0012448
0.0012479
0.0012504
0.0012503
0.0012488
0.0012486
0.0012508
0.0012458
0.0013334
0.0012458
0.0012544
0.0012568
0.001249
0.0012433
0.0012553
0.001248
0.0012468
0.001254
0.001252
0.0012553
0.0012558
0.001252
0.0012439
0.0012453
0.0014007
0.0012441
0.0012444
0.0013854
0.0012504
0.0012498
0.001252
0.0012438
0.0012451
