0.244785
0.245337
0.245181
0.245616
0.244709
0.243522
0.245807
0.24336
0.244678
0.244224
0.246437
0.244449
0.245041
0.244921
0.24423
0.245001
0.246056
0.244876
0.244724
0.243958
0.242946
0.247047
0.243962
0.243672
0.245616
0.246
0.244658
0.244303
0.244767
0.244544
0.244952
0.245036
0.244682
0.244444
0.244755
0.245474
0.244581
0.244229
0.244333
0.243143
0.245673
0.246638
0.244685
0.243656
0.244282
0.245514
0.244954
0.244937
0.244604
0.245815
0.244464
0.244806
0.244334
0.246674
0.243479
0.246197
0.243636
0.244637
0.246314
0.245728
0.245252
0.245609
0.245345
0.249445
0.245009
0.286179
0.288163
0.248699
0.25371
0.250826
0.276369
0.250353
0.246001
0.244936
0.245625
0.246292
0.244422
0.251052
0.244283
0.257488
0.268083
0.245155
0.245017
0.248721
0.244217
0.245219
0.245644
0.246159
0.247015
0.245434
0.243164
0.244141
0.246625
0.245864
0.264414
0.246154
0.24448
0.245063
0.243435
0.253559
