2.62599
2.66238
2.63194
2.61911
2.62368
2.61767
2.61906
2.66633
2.61929
2.6232
2.66221
2.61868
2.62482
2.68376
2.67325
2.67811
2.7192
2.66801
2.62864
2.62646
2.63138
2.68622
2.73115
2.64678
2.65729
2.63292
2.63028
2.63097
2.66885
2.6732
2.63137
2.62824
2.67048
2.67892
2.64657
2.66486
2.6256
2.63039
2.66393
2.68677
2.6375
2.68337
2.62486
2.63183
2.71479
2.64097
2.67811
2.62722
2.62665
2.62632
2.67218
2.67461
2.67102
2.62484
2.63597
2.62789
2.69103
2.62702
2.63393
2.7129
2.6302
2.64402
2.67754
2.66928
2.63849
2.62605
2.7193
2.66309
2.62582
2.71227
2.65712
2.62692
2.63203
2.68613
2.63579
2.63013
2.69167
2.71871
2.65509
2.63612
2.67431
2.62782
2.61883
2.66175
2.61917
2.61866
2.64755
2.61798
2.61795
2.63219
2.61824
2.62115
2.62407
2.62018
2.61926
2.66693
2.61918
2.61977
2.61811
2.61883
