0.0376929
0.0384659
0.0381568
0.0385337
0.0375736
0.0384051
0.0379303
0.0379777
0.0387974
0.0377885
0.0379645
0.0379712
0.0379409
0.0380029
0.0378561
0.0383713
0.0377891
0.0378498
0.038408
0.0380764
0.0388966
0.0389379
0.0381648
0.0376961
0.0377966
0.0376913
0.0438942
0.038871
0.0387024
0.0378388
0.0382846
0.0378122
0.0377807
0.0382713
0.0380837
0.0383755
0.0387001
0.0380619
0.0388288
0.0376987
0.037864
0.0382284
0.0380168
0.0384452
0.0376283
0.0381715
0.0378958
0.037722
0.0391566
0.0383487
0.037713
0.0379544
0.0376274
0.0375528
0.0377641
0.0371142
0.0380586
0.0377069
0.0382204
0.0381121
0.0381197
0.0384056
0.0386447
0.0376835
0.0383091
0.0383621
0.038041
0.0382584
0.0380911
0.0376678
0.0386934
0.0377008
0.0380102
0.0726548
0.0380206
0.0376757
0.0376951
0.0385554
0.0386725
0.0380539
0.0378674
0.0380826
0.0387369
0.0381329
0.0380424
0.0379746
0.0378733
0.0380438
0.0378121
0.0383639
0.03851
0.0389054
0.0377218
0.0378145
0.0385031
0.0375635
0.0383462
0.0380571
0.0384576
0.0388128
