0.408855
0.411771
0.412683
0.421436
0.414173
0.414222
0.419838
0.412055
0.412627
0.413589
0.413742
0.417853
0.410313
0.415901
0.446788
0.413146
0.414652
0.415723
0.447003
0.4096
0.409993
0.413003
0.413449
0.412956
0.41213
0.420296
0.411312
0.409353
0.481666
0.410551
0.414785
0.442861
0.417732
0.416079
0.410183
0.411752
0.411019
0.411445
0.413885
0.450569
0.430198
0.502473
0.412273
0.41247
0.424973
0.458194
0.463247
0.421198
0.454622
0.514047
0.416832
0.419013
0.458948
0.423784
0.428611
0.411986
0.408689
0.416382
0.423573
0.434035
0.41968
0.422516
0.428307
0.427623
0.472855
0.4455
0.435137
0.438048
0.430104
0.426523
0.420529
0.425929
0.420916
0.485155
0.45113
0.422049
0.42362
0.415677
0.417775
0.442752
0.429111
0.435389
0.426391
0.446269
0.41672
0.448043
0.428691
0.433042
0.433463
0.43151
0.440456
0.42279
0.481071
0.431432
0.429194
0.470677
0.434884
0.422072
0.424401
0.414158
