1.17062
1.16833
1.17044
1.17181
1.209
1.18637
1.18568
1.20308
1.21405
1.21938
1.17436
1.17322
1.21521
1.17885
1.17662
1.16797
1.17555
1.1685
1.16824
1.17025
1.16781
1.21794
1.17162
1.18771
1.22016
1.18492
1.18518
1.20745
1.17071
1.16937
1.16699
1.18875
1.18505
1.17041
1.18493
1.21461
1.16917
1.19001
1.19051
1.1671
1.16753
1.2016
1.16614
1.1651
1.16529
1.16781
1.16449
1.16742
1.17077
1.32789
1.37217
1.37036
1.21955
1.2241
1.17406
1.20928
1.28371
1.26207
1.2416
1.19534
1.1983
1.20744
1.19934
1.25489
1.24422
1.21488
1.20252
1.20436
1.20858
1.19036
1.24537
1.19097
1.20012
1.23813
1.20674
1.19788
1.25526
1.20886
1.196
1.18589
1.20307
1.20746
1.20932
1.20645
1.2353
1.21298
1.20389
1.23679
1.20817
1.2229
1.23
1.20024
1.2019
1.19356
1.18839
1.19334
1.19684
1.18779
1.20117
1.20114
