0.130274
0.125196
0.132131
0.127345
0.137171
0.131198
0.127878
0.13178
0.128882
0.131226
0.131533
0.124954
0.124621
0.12782
0.124495
0.12671
0.124846
0.127574
0.127443
0.133161
0.132922
0.137006
0.125752
0.122874
0.131767
0.149886
0.124879
0.123641
0.124128
0.123204
0.124571
0.124299
0.127026
0.123583
0.124773
0.124311
0.132872
0.137692
0.125505
0.125225
0.130558
0.128266
0.125846
0.124316
0.125625
0.124174
0.123502
0.124945
0.126375
0.124055
0.124316
0.127686
0.125495
0.124392
0.138448
0.130872
0.17241
0.125375
0.131778
0.126384
0.127339
0.127464
0.128
0.128675
0.127235
0.130471
0.131811
0.137248
0.218131
0.137906
0.136644
0.136945
0.135496
0.138182
0.137323
0.137891
0.139168
0.13652
0.140451
0.134968
0.142437
0.130285
0.130461
0.133023
0.138961
0.128616
0.1316
0.131961
0.134899
0.128089
0.129508
0.129492
0.134012
0.136374
0.13594
0.131715
0.136809
0.132891
0.137367
0.133732
