0.984827
0.975995
0.982704
0.985042
0.978429
0.970248
1.04067
1.00021
0.982778
0.984451
0.985681
0.991298
1.04895
1.02123
0.994931
0.990441
0.985547
0.969656
0.966197
1.0261
0.982362
0.978905
0.976732
0.985926
0.959822
0.990467
0.977414
0.985185
0.969418
0.986776
0.994144
0.976823
1.00638
0.962392
0.99013
0.97851
1.024
0.994894
0.967414
0.974711
1.02501
0.982476
0.987274
0.97766
0.98621
0.973485
0.939624
0.959299
0.920705
0.951538
0.922813
0.919645
0.934282
0.94229
0.962801
0.923083
0.925655
0.919553
0.948634
0.918631
0.973377
0.927958
0.930088
0.922657
0.9164
0.926768
0.934771
0.92028
0.933738
0.918238
0.922997
0.926218
0.923455
0.934964
0.92655
0.940464
0.928718
0.98116
0.933736
0.924363
0.919215
0.929033
0.959594
0.931466
0.917123
0.939105
0.925019
0.938747
0.937499
0.92579
0.921301
0.923039
0.924807
1.02724
0.935309
0.934415
0.914361
1.00486
0.92287
0.923325
