0.0023203
0.0023875
0.0023256
0.0023235
0.0023179
0.0023605
0.0023249
0.0023933
0.0024912
0.0023317
0.0023557
0.0023398
0.002323
0.0023218
0.0023725
0.0025325
0.00232
0.0023196
0.0023602
0.0023221
0.0023693
0.0023217
0.0023304
0.0023625
0.0023243
0.0023328
0.0023182
0.0023337
0.0023635
0.0023607
0.0023175
0.0023223
0.0023232
0.002321
0.0023721
0.0023223
0.0023264
0.0023186
0.0024486
0.0023257
0.0023286
0.0023562
0.0023844
0.0023273
0.0023204
0.0023217
0.0023248
0.0023571
0.0023222
0.0023275
0.0027714
0.0023321
0.0023222
0.0023222
0.0024406
0.0023307
0.0023416
0.0023451
0.0023783
0.0023206
0.0023201
0.0023733
0.0023987
0.0023613
0.0023329
0.002323
0.0023218
0.0024237
0.0023296
0.0023572
0.0023515
0.0023215
0.0023318
0.0023668
0.0023189
0.0023399
0.0023266
0.0023229
0.0023756
0.0026238
0.0023213
0.0023183
0.0023234
0.0023238
0.0023324
0.0023267
0.0023361
0.0025347
0.0023307
0.0024015
0.0023184
0.0023313
0.0023234
0.0023203
0.0023175
0.0023291
0.0023193
0.0023225
0.002322
0.0023275
