0.0019594
0.0020256
0.0019571
0.0019576
0.0023316
0.0019574
0.001957
0.0019568
0.0024955
0.0019519
0.0019586
0.001961
0.0019538
0.0022076
0.0019608
0.0019571
0.0019535
0.00196
0.0019578
0.0019538
0.0019624
0.0019536
0.0019552
0.0019554
0.0019612
0.0019582
0.001962
0.001968
0.001952
0.0019547
0.0019603
0.0019609
0.00196
0.0019574
0.0019513
0.0019497
0.0019723
0.0019526
0.0019623
0.0019543
0.0019533
0.0019566
0.0020022
0.0019513
0.0019612
0.0019616
0.0019528
0.0019579
0.0019631
0.0021202
0.0019655
0.0019585
0.0019511
0.0023529
0.0019575
0.0019559
0.0019595
0.0019625
0.0022927
0.0019576
0.0021712
0.0019684
0.0019505
0.0023411
0.0019613
0.0023207
0.0019527
0.0023367
0.0019604
0.0019607
0.0022234
0.0019535
0.002129
0.001963
0.0019535
0.0019563
0.0019543
0.0019556
0.0020071
0.0023396
0.0019508
0.0019643
0.0019561
0.0019553
0.001951
0.0019546
0.0019694
0.0019541
0.0019567
0.0019607
0.0020026
0.0019541
0.0019519
0.0023658
0.001957
0.0019569
0.0020224
0.001951
0.0019535
0.0019522
