0.001597
0.001598
0.0016036
0.0017263
0.0016055
0.0016026
0.0016045
0.0015994
0.0016039
0.0016089
0.0016014
0.0017811
0.0015983
0.0015966
0.0016018
0.0016034
0.0016031
0.0015968
0.0016039
0.0017121
0.0016056
0.001597
0.0016066
0.0015997
0.0016027
0.0016023
0.0015997
0.0016044
0.0015982
0.0015973
0.0017269
0.0016071
0.0016011
0.0016057
0.0016099
0.0015986
0.0016039
0.0015985
0.0016077
0.0016681
0.0016061
0.001605
0.0016041
0.0017622
0.0015992
0.0015998
0.0015996
0.0015969
0.0016413
0.0015961
0.0016063
0.0016063
0.0016116
0.0015972
0.0016078
0.0016013
0.0016058
0.001603
0.0016037
0.0016106
0.0017489
0.0015985
0.001602
0.0016057
0.0016041
0.0016074
0.0016019
0.0016012
0.0016043
0.001873
0.0016036
0.0015983
0.0016006
0.0016061
0.0016013
0.0016067
0.0016046
0.0016061
0.0015993
0.0016011
0.001623
0.001601
0.0016044
0.0016075
0.0016002
0.0016082
0.001601
0.0015987
0.0018726
0.0015996
0.0015973
0.0015998
0.0016094
0.0016
0.0015994
0.0015976
0.0016596
0.0015996
0.0015971
0.0016047
