0.584453
0.586204
0.585495
0.586664
0.58726
0.586051
0.594619
0.590126
0.597614
0.59744
0.586411
0.583671
0.583474
0.587622
0.587255
0.600449
0.587998
0.585675
0.594114
0.58512
0.589228
0.599391
0.586461
0.588611
0.597349
0.585748
0.587017
0.596939
0.584344
0.582154
0.597592
0.581838
0.586749
0.588791
0.583676
0.585494
0.585147
0.592305
0.58369
0.586281
0.588934
0.583917
0.597034
0.595002
0.587146
0.585632
0.587254
0.587212
0.585639
0.595992
0.582415
0.582752
0.592299
0.586451
0.584977
0.596993
0.587435
0.584491
0.59447
0.586402
0.590754
0.588103
0.587273
0.586615
0.598216
0.597436
0.586071
0.588943
0.584778
0.587818
0.59215
0.593217
0.588884
0.588719
0.599347
0.58781
0.58407
0.595897
0.580197
0.586222
0.600428
0.587282
0.588014
0.595152
0.585602
0.585871
0.593571
0.587654
0.589234
0.597039
0.588688
0.585606
0.596951
0.584306
0.583928
0.584274
0.585936
0.58562
0.593243
0.597301
