0.0064134
0.006423
0.006589
0.0064851
0.0064851
0.0065021
0.0065484
0.0072329
0.0069536
0.0064425
0.0073175
0.0063677
0.0063797
0.0065033
0.0071345
0.0065837
0.0063845
0.0063976
0.0070626
0.0064453
0.006541
0.0063689
0.0064831
0.0063667
0.0065069
0.0064533
0.0064813
0.0065093
0.0064117
0.0064247
0.0063538
0.0064584
0.006454
0.006923
0.0065681
0.0063733
0.0075428
0.0064142
0.0064827
0.0064605
0.0069728
0.0063603
0.0063661
0.0065347
0.0063609
0.0066384
0.0063596
0.006378
0.006447
0.0064105
0.0065815
0.0066172
0.0063901
0.0072206
0.007005
0.0066495
0.0065711
0.0064109
0.0064178
0.0065248
0.006447
0.0065576
0.0063503
0.006767
0.0065797
0.0065566
0.0065564
0.0064429
0.0065886
0.0063812
0.0069861
0.0067417
0.0063711
0.006365
0.0067537
0.0065255
0.0063835
0.0070362
0.0063977
0.0064522
0.0068271
0.0066811
0.0065602
0.0067548
0.0064806
0.0072307
0.0066066
0.0064904
0.0063946
0.0069006
0.0067993
0.0064071
0.0064712
0.0066959
0.0063831
0.0067397
0.0066659
0.0066872
0.0063816
0.0063591
