0.14825
0.148924
0.149041
0.147763
0.147707
0.149711
0.147987
0.147206
0.14816
0.148613
0.147931
0.151157
0.147573
0.147556
0.150188
0.149579
0.149026
0.150163
0.147682
0.148478
0.151453
0.150044
0.147977
0.148314
0.147952
0.147786
0.150678
0.148572
0.148616
0.14821
0.146947
0.148558
0.151373
0.150489
0.148508
0.147987
0.149729
0.148054
0.148983
0.150949
0.148862
0.147769
0.148197
0.148595
0.148404
0.150464
0.14791
0.14995
0.149464
0.147431
0.148207
0.147937
0.147879
0.147681
0.151936
0.150843
0.14847
0.149199
0.148401
0.148411
0.151933
0.147463
0.149016
0.148108
0.150858
0.149248
0.148083
0.151114
0.147195
0.147261
0.150648
0.14787
0.147655
0.152031
0.146586
0.149071
0.148102
0.147765
0.14743
0.148537
0.146283
0.146716
0.150645
0.148002
0.149163
0.149244
0.147076
0.148715
0.151579
0.150757
0.148044
0.14751
0.151444
0.147095
0.148569
0.147587
0.147919
0.147694
0.150138
0.149052
