0.0103422
0.0101577
0.013229
0.0186245
0.010254
0.0136346
0.0104006
0.0104658
0.0119818
0.0103564
0.0107234
0.0109924
0.0117032
0.012488
0.010788
0.0105984
0.0101863
0.0102561
0.0101314
0.0104342
0.0103113
0.0101937
0.0115501
0.0107042
0.0105371
0.0103267
0.0103443
0.010173
0.0106768
0.0103808
0.0108258
0.010161
0.0105716
0.0103406
0.0102501
0.0137875
0.0118591
0.0104393
0.0103635
0.0104949
0.010494
0.0104749
0.0101964
0.013508
0.0103989
0.0103109
0.0105327
0.0103705
0.0100833
0.0101773
0.0104256
0.0101972
0.0100897
0.0102243
0.0101527
0.0102738
0.0102799
0.0101588
0.0102085
0.01037
0.0101514
0.0102149
0.0102242
0.0102314
0.0101409
0.0172625
0.0101499
0.0102544
0.0100954
0.0102038
0.010891
0.010112
0.0104731
0.0101867
0.0101363
0.0101564
0.0101059
0.0101625
0.0104478
0.0101436
0.0101062
0.0102177
0.010191
0.0102384
0.0102054
0.0101501
0.0101172
0.0100973
0.0101264
0.0101077
0.0102099
0.0102651
0.0102431
0.010096
0.0103022
0.0102079
0.0100992
0.0114082
0.0100974
0.0100969
