5.2e-05
5.21e-05
5.24e-05
5.23e-05
5.2e-05
5.23e-05
5.23e-05
5.14e-05
5.15e-05
5.2e-05
5.24e-05
5.27e-05
5.22e-05
5.23e-05
5.24e-05
5.23e-05
5.15e-05
5.15e-05
5.13e-05
5.24e-05
5.22e-05
5.23e-05
5.22e-05
5.2e-05
5.24e-05
5.16e-05
5.23e-05
5.22e-05
5.19e-05
5.23e-05
5.17e-05
5.23e-05
5.2e-05
5.22e-05
5.23e-05
5.21e-05
5.24e-05
5.21e-05
5.23e-05
5.22e-05
5.24e-05
5.23e-05
5.19e-05
5.23e-05
5.18e-05
5.18e-05
5.22e-05
5.18e-05
5.22e-05
5.16e-05
5.21e-05
5.42e-05
5.17e-05
5.21e-05
5.21e-05
5.23e-05
5.21e-05
5.23e-05
5.23e-05
5.18e-05
5.22e-05
5.2e-05
5.22e-05
5.21e-05
5.23e-05
5.24e-05
5.22e-05
5.22e-05
5.19e-05
5.23e-05
5.17e-05
5.21e-05
5.2e-05
5.19e-05
5.24e-05
5.18e-05
5.18e-05
5.2e-05
5.23e-05
5.24e-05
5.2e-05
5.23e-05
5.22e-05
5.24e-05
5.21e-05
5.23e-05
5.24e-05
5.23e-05
5.2e-05
5.29e-05
5.2e-05
5.25e-05
5.24e-05
5.23e-05
5.22e-05
5.23e-05
5.23e-05
5.2e-05
5.23e-05
5.19e-05
