0.0013762
0.0017689
0.0013648
0.0013678
0.0013944
0.0013623
0.0013613
0.0013747
0.0013619
0.0013637
0.0013724
0.0013628
0.0013693
0.0014927
0.0013672
0.0013758
0.0013617
0.0013636
0.0013756
0.0014951
0.0013601
0.0013795
0.0013633
0.0013637
0.0014281
0.0013624
0.0013637
0.0013659
0.001371
0.0013631
0.0013634
0.0013694
0.001362
0.0013681
0.0013631
0.0013636
0.0013723
0.0013627
0.0013638
0.0013654
0.0013694
0.0013646
0.0013615
0.0013674
0.0014345
0.0013638
0.0013627
0.0013636
0.0013647
0.0014586
0.001363
0.0013682
0.0013675
0.0013704
0.0013674
0.001363
0.0013622
0.0013659
0.0013598
0.0013614
0.0013628
0.0013835
0.0013622
0.0013639
0.0013643
0.0013653
0.0013713
0.0013633
0.0013953
0.0013624
0.0013797
0.0013672
0.001361
0.0013621
0.0013634
0.0013626
0.0013638
0.0013658
0.0013623
0.0013664
0.0013627
0.0013716
0.0013671
0.0013647
0.0013606
0.0013603
0.0013619
0.0013678
0.0013616
0.0013613
0.0013637
0.0013616
0.0013631
0.0013624
0.0014348
0.0013854
0.0013652
0.0013694
0.001366
0.0013617
