1.46515
1.44275
1.48047
1.44279
1.44037
1.44078
1.47073
1.46617
1.44089
1.44012
1.6394
1.45062
1.44441
1.45013
1.48996
1.46781
1.44133
1.44065
1.44517
1.44525
1.44827
1.44086
1.44119
1.44538
1.44006
1.4401
1.45439
1.44164
1.44845
1.49454
1.47152
1.45471
1.44028
1.46819
1.48201
1.492
1.44572
1.48402
1.47391
1.44623
1.44019
1.4376
1.44137
1.44115
1.44146
1.46452
1.43484
1.44054
1.49136
1.5777
1.48747
1.67945
1.51363
1.5021
1.48792
1.4448
1.5106
1.47421
1.60104
1.56082
1.47657
1.49931
1.48331
1.47871
1.47356
1.47433
1.48265
1.53162
1.50223
1.46624
1.47202
1.50752
1.49542
1.47044
1.46176
1.51841
1.47097
1.46305
1.48924
1.47594
1.51851
1.48172
1.50337
1.4765
1.47337
1.5211
1.47613
1.46597
1.47989
1.54146
1.48457
1.48252
1.53422
1.46963
1.49551
1.50008
1.47114
1.52009
1.47958
1.46771
