1.81693
1.79488
1.79301
1.82567
1.79828
1.8508
1.79754
1.79602
1.79059
1.79184
1.79923
1.79931
1.79794
1.82001
1.8263
1.86123
1.92219
1.97412
1.8185
1.80262
1.80145
1.81954
1.78933
1.78386
1.87398
1.80665
1.81208
1.83999
1.83617
1.81616
1.79216
1.80825
1.80239
1.7923
1.7976
1.79202
1.80461
1.91215
1.80504
1.82937
1.8198
1.80813
1.80189
1.80506
1.82722
1.8186
1.80641
1.79495
1.80059
1.8058
1.80235
1.79797
1.82218
1.80262
1.85758
1.79425
1.79218
1.79047
1.79969
1.79502
1.81176
1.82215
1.80383
1.82534
1.79481
1.82325
1.82891
1.85728
1.79369
1.78526
1.8012
1.78473
1.8293
1.80123
1.82539
1.89444
1.8217
1.84889
1.78913
1.78888
1.92071
1.82405
1.7922
1.79081
1.79339
1.8073
1.82997
1.78471
1.81809
1.81175
1.82084
1.80412
1.80368
1.79897
1.78951
1.79988
1.79371
1.79923
1.87797
1.8036
