0.0030335
0.0030068
0.0030089
0.0030133
0.0030076
0.0030127
0.0030086
0.0030248
0.0031625
0.0030423
0.0030418
0.0030371
0.0030481
0.0032419
0.0030289
0.0030076
0.0030048
0.0030144
0.0030676
0.0030042
0.0030109
0.0030176
0.0030133
0.0030544
0.003007
0.003007
0.0030135
0.0030079
0.0030702
0.0030048
0.0030074
0.0030099
0.0030084
0.0030427
0.0030226
0.0030984
0.0030129
0.0030088
0.0030059
0.0030063
0.0030076
0.003018
0.0030099
0.0031148
0.003009
0.0030058
0.0030047
0.003007
0.0030689
0.0030114
0.0030134
0.0030058
0.0030126
0.0031862
0.0029998
0.0030168
0.0030106
0.0030148
0.0030336
0.0030054
0.0030053
0.0030065
0.0030124
0.0030813
0.0030197
0.0030904
0.0030071
0.003006
0.0030064
0.0030054
0.0030526
0.0030264
0.003006
0.0030073
0.0030163
0.0030053
0.0030085
0.0030103
0.0030242
0.0030067
0.0030074
0.0030052
0.0030117
0.0031466
0.0030072
0.0030064
0.0030204
0.003021
0.0030524
0.0030066
0.003006
0.003006
0.0030156
0.0030394
0.0030132
0.0030199
0.0030072
0.0030065
0.0030402
0.0030068
