0.0010106
0.0008959
0.0008977
0.000936
0.0008956
0.0009006
0.0008974
0.0008964
0.0008961
0.0009148
0.0009031
0.0008992
0.0008991
0.0010725
0.0008964
0.0008977
0.0008977
0.0009042
0.0008969
0.000895
0.000967
0.0008964
0.0008962
0.0008988
0.0011497
0.0009554
0.0008973
0.0009641
0.0009004
0.0008977
0.0009182
0.0008981
0.0008976
0.0009997
0.0009015
0.0009016
0.0009042
0.0008982
0.0008973
0.0010424
0.0008986
0.0008957
0.0009047
0.0010108
0.0009054
0.000899
0.0009126
0.0008983
0.0008969
0.0008966
0.0008961
0.0008973
0.0009007
0.00093
0.0008976
0.0009013
0.0009522
0.0009062
0.0008959
0.0009542
0.0008967
0.0009005
0.0009006
0.0009026
0.0008984
0.0009028
0.0014696
0.0008957
0.0008979
0.0008981
0.0008956
0.0008959
0.0011343
0.0009009
0.0009017
0.0009037
0.0008958
0.0008986
0.0010983
0.0008965
0.0008943
0.0009096
0.0008959
0.0008963
0.0010069
0.0008973
0.0008973
0.0008941
0.0009001
0.000905
0.0008976
0.0008987
0.0009078
0.0008982
0.0009034
0.0009767
0.0009
0.0008967
0.0008998
0.0009071
