0.977982
0.979928
0.98214
0.98123
0.979688
0.978229
0.979287
0.987426
0.979437
0.98332
0.97867
0.983199
0.975034
0.984629
0.978642
0.987048
0.972924
0.977472
0.982562
0.985665
0.979581
0.980153
0.984993
0.984028
0.985854
1.00808
0.979464
0.983364
0.980541
0.983184
0.977669
0.980505
0.986215
0.979643
0.985495
0.978996
0.985265
0.982316
0.984614
0.989515
0.978883
0.983146
1.01603
0.98226
0.984064
0.97914
0.985073
0.984424
1.00568
0.986204
0.986026
0.979826
0.981033
0.985939
0.977243
0.985001
0.978538
0.985884
0.969875
0.976125
0.97823
0.983488
1.07945
0.986398
1.02375
0.992801
0.987125
0.986946
0.981994
1.00748
0.978469
0.982412
0.984027
0.98273
0.978543
0.977064
0.986525
0.981478
0.98141
0.975836
0.98091
0.982559
0.992018
0.981645
0.975973
0.982379
0.979709
0.980035
0.981478
0.97971
0.983569
0.973001
0.983042
0.982406
0.980418
0.978413
0.980226
0.982358
0.982974
0.973629
