0.179539
0.18198
0.178988
0.182772
0.183065
0.180042
0.179089
0.179202
0.179649
0.179329
0.179337
0.180089
0.178661
0.181127
0.212793
0.181073
0.181669
0.181523
0.179536
0.178689
0.178628
0.178776
0.178833
0.18638
0.179349
0.180982
0.185268
0.181788
0.180682
0.180215
0.18227
0.183066
0.179105
0.18099
0.180367
0.180543
0.180829
0.184639
0.183973
0.183066
0.178805
0.180131
0.179226
0.179239
0.17951
0.180135
0.179719
0.181049
0.179507
0.178666
0.183651
0.180739
0.182914
0.178434
0.18045
0.184236
0.17949
0.181327
0.17897
0.221982
0.178863
0.178935
0.180554
0.178887
0.178967
0.179635
0.178624
0.17992
0.180527
0.17889
0.179458
0.180752
0.181075
0.182685
0.178816
0.179554
0.179081
0.177562
0.179813
0.176519
0.179862
0.180502
0.178232
0.223913
0.179939
0.181509
0.183104
0.178966
0.178472
0.179488
0.180038
0.179738
0.177513
0.178718
0.17872
0.183062
0.177964
0.178399
0.178509
0.178907
