0.0015571
0.0015593
0.0015576
0.0015581
0.0015591
0.001673
0.0015621
0.0015621
0.0015898
0.0015778
0.001565
0.0015598
0.0016012
0.0015585
0.001559
0.0015564
0.0015723
0.0015574
0.0015587
0.0016125
0.0015634
0.0016118
0.0015624
0.0015565
0.001555
0.0015582
0.0015578
0.0015569
0.0015566
0.0015597
0.0016775
0.0015658
0.0015632
0.0015625
0.0015672
0.0015612
0.0015826
0.0015716
0.0015589
0.0018501
0.0015686
0.0015569
0.0015611
0.0015599
0.0015582
0.001564
0.0015654
0.001565
0.0015727
0.0015582
0.0015572
0.0015577
0.0015575
0.0015631
0.0015553
0.0016545
0.0015642
0.0015614
0.0015586
0.0015636
0.0015636
0.0015559
0.0015555
0.0015585
0.0015867
0.0015608
0.0015594
0.001562
0.0015589
0.0015558
0.0015592
0.0015651
0.0015664
0.001595
0.0015664
0.0015606
0.0015564
0.0015603
0.0015564
0.0015583
0.0015561
0.0015587
0.0016266
0.00156
0.0015608
0.0015642
0.0015772
0.0015774
0.001562
0.0015561
0.0015555
0.0016546
0.001609
0.001562
0.0015659
0.0015624
0.0015643
0.0015581
0.0016039
0.0015601
