0.324501
0.271584
0.278435
0.276318
0.265741
0.270487
0.268299
0.267319
0.270828
0.273615
0.271263
0.264466
0.265635
0.268113
0.267302
0.270224
0.267271
0.271474
0.269908
0.269738
0.268907
0.26829
0.265937
0.266457
0.267767
0.305811
0.266765
0.26962
0.270127
0.267166
0.269786
0.267542
0.269953
0.269291
0.270302
0.274474
0.308671
0.268578
0.26724
0.265112
0.264247
0.269604
0.268262
0.267797
0.271701
0.265484
0.266584
0.270362
0.265135
0.269207
0.264404
0.26897
0.269997
0.316997
0.270958
0.270088
0.26676
0.268012
0.269627
0.269493
0.276465
0.271614
0.270069
0.270037
0.265261
0.269552
0.268343
0.269438
0.279367
0.269053
0.26874
0.272386
0.270929
0.278537
0.406008
0.264112
0.261664
0.266271
0.269887
0.281013
0.276825
0.278346
0.282826
0.261398
0.266634
0.266206
0.267666
0.269417
0.262117
0.262655
0.262699
0.26555
0.263362
0.297782
0.263314
0.265542
0.260366
0.263862
0.260813
0.262304
