0.0198169
0.0197026
0.0195474
0.0202955
0.0194243
0.0197405
0.020024
0.0198301
0.0202049
0.0199164
0.0198819
0.0201039
0.0202184
0.0196671
0.019717
0.0197912
0.0198075
0.0200089
0.0197255
0.0201042
0.0197891
0.0197722
0.0200025
0.0200929
0.020075
0.0199101
0.0201085
0.0201535
0.0201224
0.0193699
0.0200858
0.0202094
0.0201644
0.0203544
0.020145
0.0198013
0.0199135
0.019892
0.0197686
0.0198538
0.019859
0.0202324
0.0196199
0.0199647
0.020154
0.0197128
0.0197672
0.0200171
0.0204239
0.0194944
0.0198233
0.0195599
0.0197438
0.0200301
0.0197867
0.0195668
0.0198037
0.0196681
0.0197472
0.0201209
0.0200089
0.0198012
0.0200787
0.0198536
0.0197797
0.0202254
0.0197917
0.0197077
0.0200309
0.0201109
0.0198741
0.0201595
0.0197689
0.0196918
0.0198148
0.0198293
0.0198768
0.0198964
0.0198789
0.0199249
0.019727
0.0193628
0.0201549
0.0199212
0.0200662
0.0194336
0.0201449
0.0199381
0.0198534
0.019744
0.0198697
0.0199769
0.0196246
0.0200927
0.0200029
0.0198407
0.0199962
0.0197694
0.0193902
0.0195622
