0.001242
0.0012474
0.0012512
0.0012495
0.0012563
0.0012464
0.0012513
0.0012431
0.0012468
0.0012488
0.0012467
0.0012475
0.0012544
0.0012452
0.0015768
0.0012435
0.0012495
0.0012439
0.0014253
0.0012453
0.0012519
0.0013724
0.0012419
0.001253
0.0012475
0.0012455
0.0012487
0.0012467
0.0012461
0.0013668
0.00125
0.0012449
0.0014373
0.0012516
0.0012455
0.0013698
0.0012431
0.0012502
0.0012449
0.0012439
0.0012443
0.001252
0.0012452
0.0012446
0.0012494
0.001244
0.0012446
0.0014073
0.001245
0.0012452
0.0012428
0.0012457
0.001246
0.0012526
0.0012474
0.0012494
0.0012446
0.001342
0.0012449
0.0012449
0.0013016
0.0012432
0.0012434
0.001464
0.0012462
0.0012471
0.0013291
0.0012475
0.0012463
0.0012422
0.0012425
0.0012419
0.0012451
0.0012581
0.0012423
0.0012423
0.0012528
0.001249
0.0012504
0.001462
0.001244
0.0012428
0.0014436
0.0012508
0.0012445
0.0012519
0.0012465
0.0012482
0.0015025
0.001244
0.0012416
0.0012463
0.0013049
0.0012448
0.0012429
0.0012476
0.0012469
0.0012453
0.0015483
0.0012464
