0.0122285
0.0122611
0.0123662
0.0121807
0.0123371
0.0122422
0.0122135
0.0122503
0.0122492
0.0123166
0.0123514
0.0122164
0.0122077
0.0122872
0.0122405
0.0122416
0.0122956
0.0122338
0.0123359
0.0123382
0.0122277
0.0122556
0.0122228
0.0122875
0.0123612
0.0123375
0.0122767
0.0122096
0.012386
0.0122214
0.0122495
0.0122307
0.0123797
0.0123265
0.0122128
0.0122724
0.0122795
0.0122044
0.0122909
0.0123342
0.0122252
0.0124521
0.0124063
0.0123308
0.0123578
0.0122306
0.0122218
0.0122753
0.0123062
0.0122671
0.0122106
0.0122589
0.0122732
0.0123367
0.0122457
0.0122737
0.0126673
0.0123749
0.0123179
0.0122554
0.0123082
0.0122519
0.0122376
0.0124939
0.0122739
0.0122221
0.0122425
0.0123264
0.0122514
0.0123077
0.0122364
0.0121744
0.0122347
0.01222
0.0123397
0.0122572
0.0122568
0.0122536
0.0122167
0.0122488
0.0122209
0.0124357
0.0123059
0.0123416
0.0123144
0.012274
0.0122343
0.0122289
0.0121739
0.0122056
0.0122203
0.012344
0.0123582
0.0122842
0.0122675
0.0123542
0.0122215
0.0124172
0.0122859
0.0122434
