0.000182
0.00018
0.0001827
0.0001826
0.0001829
0.0001842
0.0001835
0.0001822
0.000183
0.0001825
0.0001846
0.0001819
0.0001848
0.0001819
0.0001832
0.0001819
0.0001822
0.0001833
0.000182
0.0001831
0.0001806
0.0001828
0.0001817
0.0001814
0.0001835
0.0001812
0.0001821
0.0001821
0.0001803
0.0001826
0.0001843
0.0001835
0.000182
0.000182
0.0001824
0.0002055
0.0001818
0.0001823
0.0003327
0.0001828
0.0001828
0.0001816
0.0001831
0.0001826
0.0001823
0.0001835
0.0001817
0.0001851
0.0001833
0.0001824
0.0001836
0.0001837
0.0001824
0.0001827
0.0001811
0.000182
0.0001816
0.0001824
0.0001934
0.0001806
0.0001829
0.0001815
0.0001826
0.0001847
0.0001826
0.0001807
0.0001815
0.0001816
0.000184
0.0001815
0.0001846
0.0001864
0.0001821
0.0001815
0.0001819
0.0001816
0.0001813
0.0001833
0.0001815
0.0001821
0.000182
0.0001819
0.0001834
0.0001815
0.0001858
0.0001822
0.0001836
0.000183
0.0001839
0.0001817
0.0001836
0.0001829
0.000183
0.0001836
0.0001817
0.0001833
0.0001938
0.0001818
0.0001819
0.000185
