0.0072182
0.0075817
0.0076625
0.0076862
0.007418
0.007508
0.007177
0.0072649
0.0074783
0.0072074
0.0071563
0.0075356
0.0071605
0.0075606
0.0074625
0.0076325
0.0073715
0.0072375
0.0071995
0.0073245
0.0072313
0.0073366
0.0075998
0.0074331
0.0071647
0.0072554
0.0071992
0.0073573
0.0071976
0.0072216
0.0072891
0.0074122
0.0075905
0.007193
0.0074748
0.0073882
0.0073251
0.0075722
0.0072553
0.007506
0.0073263
0.0075767
0.0073141
0.0074103
0.0075548
0.007281
0.0073388
0.0076029
0.0074547
0.0072144
0.0072063
0.0073695
0.007408
0.0075365
0.0075351
0.0072041
0.007639
0.0079813
0.0073061
0.0071957
0.0071916
0.0073439
0.0075949
0.0072471
0.0073932
0.0072568
0.0071436
0.008435
0.0073329
0.0075841
0.0072146
0.007417
0.0075631
0.0072042
0.0075752
0.0074412
0.0072261
0.0075251
0.0075849
0.0073797
0.0075481
0.0077803
0.0076212
0.0072115
0.0076724
0.007237
0.0072027
0.0074153
0.0072498
0.0075398
0.0075562
0.0072886
0.0073333
0.0072907
0.0075859
0.0074334
0.0071541
0.0071729
0.007553
0.0075661
