0.0130999
0.0131385
0.013319
0.0134313
0.0131185
0.0131569
0.0130962
0.0133507
0.0132564
0.0130991
0.0139344
0.014004
0.0132609
0.0131654
0.0131595
0.013841
0.0137131
0.0133739
0.013115
0.0135398
0.0132067
0.0132436
0.0133371
0.0132067
0.0131647
0.0134562
0.013235
0.0138579
0.0138375
0.0131289
0.0131014
0.013199
0.013383
0.0130998
0.013213
0.013754
0.0131533
0.0131221
0.0132271
0.0131659
0.0130961
0.0131183
0.0138441
0.01314
0.0132196
0.0132321
0.0132958
0.0131037
0.0131287
0.013611
0.0132774
0.0131119
0.0138644
0.0131464
0.0132809
0.0131429
0.0132009
0.013445
0.0131795
0.013449
0.0131358
0.0131193
0.0133831
0.0136581
0.0132621
0.0133054
0.0214881
0.0138913
0.0142672
0.0138123
0.0145977
0.0131826
0.0131111
0.0140709
0.0139003
0.0139795
0.0138171
0.0131593
0.014882
0.0137998
0.0131443
0.0131397
0.0132808
0.0138109
0.0141011
0.0135159
0.0132898
0.0133605
0.0132518
0.0131822
0.0131743
0.0133699
0.0133222
0.0131451
0.0138801
0.0131022
0.0132119
0.0131835
0.0131976
0.0132253
