3.58696
3.5924
3.60916
3.57908
3.57799
3.57342
3.84842
3.62982
3.72697
3.88158
3.6856
3.92532
3.65206
3.64055
3.62957
3.62542
3.63948
3.66929
3.67301
3.64191
3.6438
3.80451
3.64254
3.62884
3.60077
3.76512
3.58183
3.60309
3.64943
3.58402
3.5822
3.60921
3.66206
3.58204
3.5841
3.58877
3.58117
3.58062
3.58239
3.57739
3.57626
3.58494
3.58061
3.58014
3.58685
3.58001
3.64859
3.58233
3.60638
3.57453
3.57146
3.59557
3.57289
3.63218
3.58208
3.58265
3.57959
3.58689
3.58581
3.57649
3.57524
3.57273
3.60587
3.57415
3.57709
3.57558
3.60284
3.57668
3.5758
3.57496
3.5899
3.58586
3.57728
3.57618
3.57097
3.60657
3.57244
3.57357
3.57507
3.58235
3.57194
3.58748
3.57471
3.57465
3.57551
3.57895
3.5764
3.57229
3.59106
3.57609
3.57541
3.57665
3.57523
3.57767
3.57643
3.58345
3.57604
3.59103
3.57018
3.57843
