3.26733
3.29525
3.36444
3.23038
3.23056
3.2943
3.22953
3.23529
3.22957
3.22987
3.23242
3.29355
3.31714
3.23848
3.24164
3.24147
3.24153
3.27959
3.27439
3.2466
3.25148
3.24212
3.26102
3.24064
3.30679
3.27218
3.25975
3.34981
3.24506
3.24106
3.30705
3.2535
3.23998
3.30173
3.30781
3.30933
3.30116
3.25398
3.24689
3.33184
3.28475
3.27867
3.29002
3.24101
3.24294
3.31769
3.30327
3.34292
3.24811
3.34356
3.28747
3.27622
3.27861
3.29904
3.28342
3.27594
3.24007
3.2543
3.31083
3.24324
3.24881
3.3071
3.25262
3.29271
3.26023
3.24288
3.25947
3.34378
3.36747
3.30158
3.24116
3.28946
3.29399
3.2415
3.30276
3.35259
3.24034
3.24749
3.33589
3.33969
3.29192
3.23636
3.24314
3.22958
3.29509
3.29298
3.2832
3.23573
3.23184
3.23229
3.22983
3.23525
3.23041
3.233
3.294
3.22923
3.23759
3.29943
3.23028
3.23037
