0.340381
0.333078
0.368061
0.335833
0.331478
0.34784
0.334701
0.33637
0.333904
0.331036
0.333149
0.33298
0.331913
0.345136
0.339899
0.333337
0.338142
0.335331
0.336524
0.362635
0.336766
0.338946
0.332335
0.334447
0.334142
0.332846
0.330712
0.336874
0.33528
0.33193
0.33408
0.331797
0.334553
0.337365
0.331917
0.332571
0.330877
0.335225
0.367825
0.33202
0.333928
0.337794
0.338006
0.331141
0.332711
0.335498
0.331999
0.331155
0.337467
0.337495
0.333629
0.333293
0.34531
0.333852
0.338553
0.333975
0.330572
0.334763
0.330879
0.33236
0.331933
0.338796
0.336613
0.33519
0.330462
0.331089
0.332273
0.338253
0.333278
0.334562
0.333256
0.373119
0.335116
0.335935
0.356747
0.336771
0.333372
0.333653
0.333737
0.333219
0.332901
0.333604
0.341305
0.33809
0.33962
0.336528
0.331819
0.36825
0.335212
0.333069
0.332884
0.331305
0.33624
0.330562
0.329932
0.337072
0.334162
0.332312
0.331862
0.330253
