0.519472
0.510992
0.513118
0.505343
0.513415
0.504922
0.501981
0.504379
0.498809
0.515352
0.543671
0.500753
0.51083
0.498991
0.509021
0.502707
0.518088
0.51521
0.503089
0.503763
0.500114
0.532792
0.504858
0.531609
0.51783
0.502889
0.510638
0.49976
0.503023
0.499785
0.502399
0.512321
0.549793
0.499038
0.503649
0.512207
0.511214
0.507829
0.511702
0.50221
0.507441
0.511681
0.512985
0.51281
0.544936
0.500776
0.529765
0.506506
0.505705
0.568776
0.515202
0.508343
0.517447
0.503916
0.549307
0.60045
0.505985
0.507877
0.536661
0.529979
0.544139
0.518711
0.533265
0.574164
0.531529
0.569499
0.58512
0.537679
0.573414
0.527545
0.507586
0.510925
0.524953
0.519736
0.683397
0.511431
0.528077
0.514911
0.509749
0.507688
0.53439
0.552001
0.514735
0.528234
0.513777
0.517003
0.554757
0.529997
0.554804
0.518239
0.521958
0.542934
0.592799
0.519722
0.522442
0.525229
0.535628
0.575016
0.553878
0.523626
