0.267446
0.269032
0.271193
0.282881
0.271464
0.273201
0.270611
0.268531
0.265964
0.267724
0.270007
0.277442
0.272054
0.312607
0.266408
0.265432
0.266508
0.268736
0.2694
0.319422
0.271599
0.267385
0.271148
0.265838
0.272674
0.270874
0.266473
0.266891
0.26489
0.268022
0.269952
0.280229
0.270147
0.266136
0.268362
0.268939
0.269979
0.272043
0.270728
0.269579
0.264343
0.26692
0.269377
0.270564
0.268225
0.268889
0.270271
0.269336
0.275394
0.271383
0.271581
0.268278
0.267515
0.267919
0.267085
0.272057
0.270902
0.268864
0.269699
0.269243
0.272478
0.311586
0.264481
0.290889
0.273565
0.273734
0.271201
0.266146
0.268957
0.269356
0.271262
0.306667
0.288673
0.279016
0.281552
0.26449
0.267737
0.261697
0.262381
0.280238
0.27216
0.276733
0.298997
0.263519
0.29686
0.265935
0.263908
0.26625
0.262529
0.267136
0.264938
0.270286
0.262634
0.262745
0.263611
0.261655
0.264417
0.268807
0.265087
0.262932
