0.0044182
0.0045361
0.0045545
0.0045701
0.0045367
0.0044385
0.004655
0.0044686
0.0044833
0.0045095
0.0045508
0.0045006
0.0044991
0.0044364
0.0045122
0.0043142
0.0044542
0.0044622
0.0046859
0.0045115
0.0046628
0.0044463
0.0044316
0.0044829
0.0044256
0.0044929
0.0045655
0.004425
0.0044668
0.0045216
0.0045341
0.0043825
0.0044342
0.0043876
0.0044116
0.004538
0.0045021
0.004616
0.0046135
0.0044852
0.0045893
0.0043435
0.0044192
0.0045558
0.0044274
0.0045516
0.0045238
0.0045495
0.0044795
0.0044453
0.0044115
0.0046098
0.0045058
0.0044499
0.0044743
0.0044168
0.0044186
0.0044519
0.0044035
0.0044415
0.0043851
0.0045643
0.0044721
0.0044554
0.0044398
0.0044137
0.0044599
0.0044583
0.0046095
0.0044624
0.0044373
0.0046225
0.0045877
0.0043791
0.0045006
0.0044729
0.0044399
0.0044664
0.0045167
0.004428
0.0045586
0.0045574
0.0045842
0.0044878
0.0045252
0.0043565
0.0045343
0.0044377
0.004496
0.0045493
0.0044542
0.004441
0.0044831
0.0044862
0.0044516
0.0045173
0.0044756
0.0046197
0.004461
0.0044146
