0.0121357
0.0115979
0.011592
0.0123961
0.0115796
0.0117374
0.0117098
0.0122879
0.0119817
0.0116705
0.012709
0.0119103
0.0124744
0.0117437
0.0124822
0.0117549
0.0117018
0.0117468
0.013221
0.0115827
0.0116511
0.0116738
0.0122823
0.0115924
0.0117499
0.0117557
0.0117095
0.0115967
0.0118219
0.0116795
0.0130233
0.0116511
0.0118347
0.011664
0.0116322
0.0116687
0.0118078
0.0116687
0.0116222
0.0117069
0.0122568
0.0130782
0.0115756
0.0116711
0.0116412
0.0117119
0.0117864
0.011698
0.0117381
0.0117804
0.0116979
0.0118906
0.0116996
0.0117022
0.0116028
0.0118164
0.011717
0.0117554
0.0115833
0.0116805
0.0117647
0.0128161
0.0116101
0.0115724
0.0117402
0.0118406
0.0116386
0.0115932
0.0119597
0.0116203
0.0116055
0.0115779
0.0116745
0.0125252
0.013148
0.0115736
0.0116063
0.0117226
0.0124452
0.0115798
0.0116738
0.0117363
0.0116132
0.0131547
0.0116617
0.0122849
0.0128496
0.0115759
0.0117322
0.0116505
0.0118069
0.0117626
0.011698
0.0116155
0.011639
0.0115868
0.0116236
0.0117136
0.0116504
0.0117396
