0.797111
0.827557
0.801667
0.801221
0.798212
0.797677
0.799221
0.805423
0.797986
0.801353
0.799242
0.800384
0.794935
0.8012
0.795735
0.804225
0.793633
0.796468
0.800566
0.798723
0.798964
0.799461
0.801378
0.802526
0.803495
0.798215
0.7996
0.802683
0.799315
0.800508
0.814991
0.799862
0.801986
0.799018
0.803744
0.798381
0.804349
0.800626
0.802071
0.808697
0.798084
0.799907
0.802149
0.800923
0.805399
0.799206
0.804406
0.802531
0.800944
0.805872
0.804271
0.798821
0.800812
0.838888
0.798454
0.802605
0.799206
0.800826
0.791605
0.795157
0.799228
0.822869
0.807294
0.857702
0.829694
0.79822
0.809451
0.805391
0.846106
0.800459
0.803831
0.800465
0.800528
0.80294
0.799173
0.797094
0.798365
0.799812
0.800829
0.803417
0.799151
0.800665
0.80384
0.800672
0.795596
0.800815
0.79665
0.798829
0.799509
0.797853
0.801328
0.793014
0.802273
0.803654
0.798898
0.797303
0.799031
0.80589
0.800556
0.796112
