0.106133
0.105994
0.11067
0.1062
0.11093
0.106749
0.139019
0.106366
0.105425
0.107651
0.109874
0.104509
0.103156
0.105123
0.104164
0.103678
0.105932
0.104233
0.105024
0.111033
0.110791
0.11216
0.10481
0.102628
0.103435
0.107596
0.104175
0.104677
0.103402
0.102989
0.103827
0.104086
0.104416
0.10341
0.103867
0.106066
0.112123
0.106264
0.104188
0.102965
0.110399
0.106196
0.121698
0.103258
0.103246
0.103309
0.104682
0.106294
0.105146
0.105113
0.103131
0.104454
0.104527
0.103794
0.117191
0.108333
0.113108
0.10974
0.106743
0.107825
0.106929
0.121957
0.110194
0.106391
0.10602
0.106685
0.123723
0.16641
0.123118
0.116874
0.112085
0.114802
0.113236
0.124728
0.116248
0.114776
0.116119
0.114835
0.11924
0.119805
0.116211
0.113103
0.133379
0.107285
0.109343
0.110935
0.108785
0.109905
0.108293
0.108953
0.110671
0.112394
0.109156
0.110022
0.110499
0.111088
0.11251
0.112726
0.110238
0.110811
