0.0738292
0.0729237
0.0727986
0.0736924
0.0727884
0.0728977
0.0733908
0.0729279
0.0738368
0.0728298
0.0731958
0.0733144
0.0729988
0.072721
0.0737546
0.0730921
0.0727886
0.0739441
0.0735927
0.0728545
0.0729462
0.0728503
0.0734439
0.0737265
0.0727646
0.073738
0.0727785
0.0728245
0.0738504
0.0727896
0.0731512
0.0728418
0.0744377
0.0727868
0.0736959
0.0728324
0.0731533
0.0728773
0.0728965
0.0727058
0.0727935
0.0736314
0.0742034
0.0728739
0.0727804
0.0731064
0.0740956
0.0731337
0.0729213
0.072956
0.0738075
0.0728732
0.073587
0.073027
0.0728817
0.0728094
0.0737933
0.0729026
0.0728495
0.0728837
0.0741493
0.0727693
0.0728952
0.0737306
0.072729
0.0728369
0.0739254
0.0728131
0.0728966
0.0728113
0.0742031
0.0730384
0.073282
0.0727871
0.0737256
0.0730619
0.072829
0.0729728
0.0728002
0.0739284
0.0727953
0.0736921
0.0741088
0.07275
0.0728681
0.072775
0.0729743
0.0739295
0.0727723
0.0728291
0.0740849
0.072979
0.0737474
0.0741056
0.0728368
0.0727963
0.0734964
0.0728683
0.0728664
0.0731357
