0.148932
0.147649
0.146602
0.148588
0.146798
0.145857
0.147663
0.149983
0.147856
0.146597
0.149254
0.146217
0.147823
0.147388
0.149673
0.146297
0.14808
0.151298
0.147428
0.145452
0.146786
0.148824
0.147558
0.145351
0.149232
0.147383
0.146639
0.146825
0.148141
0.145995
0.146402
0.145734
0.146533
0.14776
0.146589
0.149644
0.14601
0.14854
0.146119
0.146175
0.14689
0.148156
0.14841
0.14708
0.146057
0.147999
0.146647
0.145895
0.147824
0.148947
0.149179
0.146343
0.146755
0.147076
0.146955
0.147587
0.147625
0.146568
0.145225
0.147631
0.147587
0.147803
0.147874
0.149805
0.146311
0.146714
0.147704
0.147082
0.146457
0.146652
0.147265
0.14617
0.147616
0.146595
0.147796
0.148435
0.146691
0.148239
0.147819
0.147167
0.147213
0.148558
0.146531
0.146333
0.148136
0.146183
0.147168
0.146585
0.146995
0.146404
0.145517
0.148265
0.146766
0.148262
0.147541
0.147481
0.148933
0.147172
0.148989
0.147054
