0.728491
0.716614
0.715702
0.715633
0.71712
0.713587
0.714433
0.721018
0.718564
0.71826
0.716939
0.712998
0.727386
0.718324
0.717203
0.721607
0.718571
0.715884
0.715586
0.726805
0.716684
0.726239
0.731222
0.719632
0.718576
0.71592
0.717073
0.717914
0.7288
0.711409
0.718466
0.72256
0.717029
0.719325
0.727268
0.715565
0.715317
0.715532
0.713065
0.716155
0.708109
0.71355
0.717686
0.715101
0.71709
0.715494
0.732174
0.71761
0.715753
0.717153
0.725199
0.71262
0.713776
0.731236
0.71521
0.717521
0.732194
0.714481
0.714487
0.716095
0.720466
0.71875
0.731089
0.716454
0.719157
0.718474
0.716422
0.720069
0.728857
0.723174
0.724874
0.715583
0.719695
0.71968
0.720812
0.7187
0.713736
0.718298
0.723039
0.71625
0.722039
0.716979
0.718754
0.715522
0.729815
0.71624
0.71363
0.732255
0.720216
0.717804
0.73403
0.730671
0.716877
0.728281
0.713965
0.713833
0.729984
0.715848
0.71269
0.718267
