0.0016505
0.0016546
0.0016539
0.0016524
0.0017639
0.0016546
0.0016577
0.0017928
0.0016576
0.0016534
0.001659
0.0016532
0.0016534
0.0016526
0.0016541
0.001653
0.001655
0.0016536
0.0016602
0.0016563
0.0016555
0.0016619
0.0016477
0.0016526
0.0016565
0.0016549
0.0016804
0.0016597
0.00165
0.0016519
0.0016502
0.001654
0.0016834
0.0016549
0.001658
0.0016521
0.0016545
0.0016513
0.0016659
0.0016474
0.0016492
0.001659
0.001658
0.0016508
0.0016779
0.0016579
0.0016645
0.0016629
0.0026684
0.0017269
0.0016532
0.0016483
0.0016513
0.0016683
0.0016549
0.001653
0.0016588
0.0016548
0.0016547
0.001659
0.0016558
0.0016865
0.001652
0.0016495
0.0016663
0.0016584
0.0016541
0.0016772
0.0016536
0.0016589
0.001707
0.0016593
0.0016642
0.00165
0.0016544
0.0016511
0.0016506
0.0016483
0.0016543
0.0016562
0.0016552
0.0016532
0.0016568
0.001666
0.0016537
0.0016538
0.0016516
0.0016513
0.0016516
0.0016523
0.0016697
0.0016514
0.0016769
0.0016526
0.001657
0.0017191
0.001652
0.0016547
0.0016983
0.0016547
