0.0118581
0.0113062
0.0112067
0.0112252
0.0112198
0.0111458
0.0118611
0.0111697
0.0115283
0.011186
0.011206
0.0111816
0.0113746
0.0118183
0.0111712
0.0112707
0.0112117
0.0111702
0.0116959
0.0111971
0.0111875
0.0118452
0.0112294
0.0111695
0.0111808
0.0111678
0.0113755
0.0111412
0.0115843
0.0111647
0.0115493
0.0118718
0.011293
0.0112558
0.0117978
0.0111622
0.0112335
0.0118505
0.0111942
0.0116463
0.0117918
0.0111668
0.0117925
0.0112196
0.0111772
0.0112199
0.0112311
0.0112173
0.0111737
0.0116068
0.0112106
0.0112601
0.011161
0.0111909
0.0111939
0.0112016
0.0117905
0.0111691
0.0111766
0.0112183
0.0118338
0.0116339
0.0111682
0.0112235
0.0111644
0.0118264
0.0113545
0.0118506
0.011514
0.0114951
0.0111681
0.0115926
0.0112401
0.0111257
0.0111652
0.0111878
0.0118203
0.0111771
0.0111937
0.0111842
0.0111706
0.0111924
0.011821
0.0112136
0.0112298
0.0111807
0.0112746
0.0114483
0.0111814
0.0118091
0.0113999
0.0112712
0.0111683
0.0120726
0.0113377
0.0112354
0.0112471
0.0112041
0.0111613
0.0112989
