0.0036065
0.0036122
0.0036058
0.0036281
0.0036202
0.003606
0.0036033
0.0036031
0.0036205
0.0036815
0.0036062
0.0036019
0.0036213
0.0036952
0.0036266
0.0036188
0.0036077
0.0036013
0.0036067
0.0036132
0.0035992
0.0036091
0.0036205
0.0036211
0.0036025
0.003628
0.0036089
0.0036014
0.0036242
0.0041326
0.0036795
0.0035992
0.0036537
0.0036191
0.0036082
0.0036144
0.0036177
0.0036069
0.0036231
0.0036115
0.0036337
0.0036104
0.0036213
0.0036086
0.0036223
0.0036099
0.0036089
0.0036008
0.0036187
0.0035965
0.0035929
0.003672
0.003607
0.0035986
0.0036067
0.0036186
0.0036131
0.0036211
0.0036109
0.0036552
0.0035947
0.0036458
0.0036097
0.003638
0.0036212
0.0036242
0.0036438
0.0036146
0.0036088
0.0036346
0.0036089
0.0036027
0.003618
0.0036207
0.0035989
0.0036149
0.0036034
0.0036161
0.0036034
0.0036082
0.0036113
0.0035954
0.0036379
0.003607
0.0036044
0.0036092
0.0036025
0.0036324
0.0036338
0.0036023
0.0036476
0.0035957
0.0035984
0.0036048
0.0036308
0.0036314
0.0035966
0.0035978
0.003598
0.0036003
