0.014862
0.014714
0.0147256
0.0147124
0.0147822
0.0145601
0.014727
0.0148642
0.0148336
0.0147966
0.0147994
0.014796
0.0146487
0.0149433
0.0149871
0.015554
0.01571
0.0149977
0.0149206
0.0147903
0.0147636
0.0150694
0.0148263
0.0148608
0.0149072
0.0148778
0.0146641
0.0148343
0.0152392
0.0147695
0.0147797
0.0147565
0.0148283
0.0147676
0.0149636
0.0147686
0.0148776
0.0151748
0.0147734
0.0147179
0.0145815
0.0145865
0.0148087
0.0147557
0.0148313
0.0147761
0.0148776
0.0147827
0.0145654
0.0147896
0.0148282
0.0147637
0.0147353
0.01488
0.0147348
0.0145447
0.0144427
0.0147314
0.0147013
0.0147615
0.0148193
0.0147439
0.0147144
0.0149399
0.014703
0.0147709
0.0146993
0.014733
0.0147928
0.0146615
0.014619
0.0147324
0.0147071
0.0146965
0.0146994
0.0147455
0.0147218
0.0145764
0.0147167
0.0148072
0.0148107
0.0156583
0.0147566
0.0147855
0.0145033
0.0144548
0.0147459
0.0147538
0.0147522
0.0148055
0.0148852
0.014894
0.0148137
0.0154716
0.0147315
0.0147445
0.0147745
0.0147191
0.0145678
0.0145897
