2.22811
2.22851
2.20338
2.21515
2.43296
2.21125
2.23417
2.19497
2.19631
2.20284
2.24625
2.2079
2.23463
2.20038
2.20331
2.21649
2.25208
2.40769
2.28245
2.20497
2.21181
2.2022
2.197
2.19191
2.20031
2.23285
2.22636
2.23398
2.22852
2.20871
2.22278
2.20012
2.22099
2.20442
2.20794
2.20092
2.20882
2.26348
2.28965
2.25313
2.28346
2.25139
2.21126
2.25261
2.20859
2.20039
2.33951
2.21945
2.24697
2.25723
2.25419
2.25008
2.20366
2.24678
2.20284
2.23202
2.20313
2.23985
2.25896
2.24707
2.26261
2.30823
2.24286
2.29667
2.2427
2.21007
2.20201
2.19316
2.19773
2.20167
2.21926
2.23749
2.20521
2.25213
2.20785
2.1985
2.20446
2.20484
2.19749
2.19223
2.19932
2.32021
2.24885
2.2027
2.20892
2.208
2.20474
2.19389
2.19642
2.20621
2.21122
2.2696
2.22741
2.21182
2.20752
2.20582
2.20413
2.29007
2.23785
2.21568
