0.0733888
0.0741612
0.0728939
0.0727329
0.0734039
0.0740653
0.0729251
0.0736951
0.0733297
0.0736454
0.073952
0.0728463
0.0727568
0.0728012
0.072772
0.0727434
0.0738357
0.0729004
0.0740917
0.0729058
0.073447
0.0733326
0.0731126
0.0737343
0.0727721
0.0728453
0.0740669
0.0728384
0.0729142
0.0728309
0.0737488
0.0729486
0.0727896
0.0728348
0.0741583
0.0728328
0.0728064
0.0740017
0.0744696
0.0728428
0.073329
0.0728112
0.0728538
0.072869
0.0740118
0.0729337
0.0729567
0.0729502
0.0743072
0.0730664
0.0727549
0.0745237
0.0730517
0.0728189
0.0741075
0.0728277
0.0733166
0.0728547
0.073518
0.0728045
0.0728088
0.0732076
0.0727347
0.0727802
0.0730089
0.0732924
0.0728637
0.0730677
0.0739683
0.0728189
0.0732456
0.0739558
0.0745066
0.0730535
0.0729178
0.0740562
0.0733276
0.0727292
0.0728935
0.0728385
0.0729833
0.0732894
0.0728541
0.072918
0.0740648
0.0736483
0.0727636
0.0729037
0.0738037
0.0727312
0.0729426
0.074451
0.072781
0.0729119
0.0735826
0.0727899
0.0737321
0.0728394
0.0736429
0.0727687
