0.0370094
0.0367055
0.037617
0.037161
0.0378211
0.0366259
0.0369603
0.0370353
0.0378382
0.0371879
0.0369532
0.0373085
0.0374047
0.0376975
0.037258
0.0372665
0.0366246
0.0380313
0.037105
0.0378702
0.0373634
0.0373173
0.0377987
0.0371258
0.036855
0.036774
0.0377482
0.0372602
0.0376554
0.0379173
0.0372243
0.0366608
0.0369582
0.0380402
0.0374163
0.037204
0.0371831
0.0370787
0.0375797
0.0373716
0.0371552
0.0370252
0.0369394
0.0378405
0.0374858
0.0376545
0.0371762
0.0369202
0.0372647
0.0371972
0.0367143
0.0374413
0.0372373
0.0378131
0.0367365
0.0376298
0.0371852
0.0372035
0.0368688
0.0378549
0.0371918
0.037094
0.0372015
0.0369151
0.0373294
0.0372256
0.0372127
0.0371153
0.0372009
0.0376334
0.0368295
0.0375047
0.0373643
0.0372769
0.0374371
0.0371383
0.0375984
0.0367877
0.0372612
0.0376546
0.0368655
0.0383359
0.0372083
0.0376103
0.0375472
0.0370014
0.0374609
0.0375546
0.0370282
0.0373942
0.0371737
0.037178
0.0375428
0.0376095
0.037238
0.0366497
0.0368648
0.0371259
0.0373317
0.0371986
