0.291007
0.29107
0.291186
0.294639
0.292825
0.29081
0.295625
0.290823
0.292312
0.29131
0.296245
0.290941
0.2948
0.291446
0.291319
0.290833
0.29114
0.296778
0.292494
0.294839
0.290805
0.29439
0.290916
0.296459
0.295972
0.290797
0.295368
0.290704
0.294827
0.293761
0.295087
0.294378
0.290918
0.296277
0.292729
0.296409
0.291309
0.293959
0.291264
0.290778
0.291298
0.294676
0.291009
0.290945
0.29095
0.291096
0.292188
0.291035
0.294734
0.291251
0.29454
0.290897
0.290955
0.290863
0.291053
0.29555
0.292857
0.294821
0.291007
0.290938
0.290747
0.290726
0.29588
0.290962
0.295292
0.29387
0.290907
0.298183
0.296696
0.29574
0.292375
0.297337
0.292632
0.291988
0.292062
0.293249
0.295634
0.292606
0.295551
0.291848
0.296208
0.291264
0.291072
0.297141
0.292671
0.294887
0.290774
0.294834
0.290651
0.290814
0.290848
0.295861
0.293862
0.296372
0.290778
0.29555
0.291095
0.29549
0.291039
0.29123
