0.0197628
0.0200866
0.0198969
0.0200413
0.0202957
0.019906
0.0197802
0.019916
0.0201629
0.0204004
0.0200714
0.0201802
0.0200295
0.0199987
0.020533
0.021252
0.0197292
0.0199648
0.0201716
0.0201963
0.0200837
0.0204382
0.0195978
0.020175
0.0203138
0.0199024
0.0199888
0.0195487
0.0198439
0.02009
0.0196266
0.0197786
0.0200365
0.0201052
0.0200341
0.0202544
0.020185
0.0197121
0.0197062
0.0198635
0.0202426
0.0201598
0.0199704
0.0202646
0.0197588
0.0201998
0.0206223
0.0200776
0.0197208
0.0198951
0.0206267
0.0199865
0.01972
0.0202961
0.0199475
0.0202653
0.0200477
0.0200327
0.0202758
0.019736
0.0200724
0.0199676
0.0198027
0.0197391
0.0203603
0.020192
0.020283
0.0198812
0.0200645
0.0199955
0.0196518
0.0202993
0.0200916
0.0200513
0.0195195
0.0204056
0.0195035
0.0199825
0.0198716
0.0199552
0.0200027
0.0197891
0.0201119
0.0200676
0.0200642
0.0201463
0.0196575
0.0203543
0.019935
0.0200884
0.0200128
0.0199854
0.0199224
0.0194859
0.0196809
0.0197709
0.0202386
0.0200308
0.0199631
0.0200674
