0.178445
0.182441
0.180836
0.177995
0.181379
0.178252
0.182666
0.179181
0.179992
0.177656
0.178625
0.180049
0.179612
0.182684
0.17902
0.180748
0.179616
0.179371
0.178645
0.176632
0.181424
0.178133
0.181502
0.176345
0.178333
0.178861
0.177966
0.180457
0.177241
0.179872
0.177871
0.177101
0.182378
0.180091
0.184357
0.178499
0.179432
0.177864
0.17725
0.177358
0.178376
0.182951
0.17751
0.18181
0.178229
0.1797
0.177228
0.178126
0.182161
0.178095
0.178755
0.178225
0.179134
0.18133
0.178449
0.180486
0.17957
0.178034
0.176567
0.179145
0.182338
0.179578
0.1803
0.179114
0.178017
0.17819
0.179918
0.181492
0.177952
0.178356
0.183183
0.177848
0.179478
0.178021
0.182547
0.17958
0.178478
0.17732
0.179738
0.178529
0.180231
0.177458
0.178128
0.180522
0.177456
0.177859
0.179159
0.178046
0.178766
0.178744
0.180148
0.17726
0.181373
0.179928
0.179404
0.178795
0.178695
0.181009
0.179014
0.181592
