0.584487
0.595319
0.594677
0.585137
0.587301
0.593611
0.586574
0.589958
0.588373
0.587839
0.58642
0.592917
0.584434
0.587844
0.596422
0.590529
0.588383
0.594925
0.584544
0.583943
0.593364
0.589636
0.586384
0.588534
0.588079
0.58593
0.586804
0.587744
0.584022
0.591783
0.58795
0.579773
0.586847
0.598552
0.583702
0.585457
0.596203
0.588751
0.583699
0.595533
0.579492
0.58377
0.587566
0.584983
0.586673
0.594966
0.587541
0.587251
0.585952
0.586751
0.58246
0.59221
0.584068
0.586692
0.59316
0.587088
0.58758
0.584663
0.584965
0.586044
0.58934
0.598662
0.586477
0.586395
0.588735
0.588918
0.585869
0.59943
0.584971
0.588225
0.601571
0.584574
0.588546
0.598831
0.589911
0.588232
0.595339
0.586414
0.583454
0.596297
0.590707
0.586708
0.587788
0.585619
0.585542
0.595837
0.584072
0.587427
0.597195
0.587157
0.588427
0.585788
0.586845
0.584396
0.583601
0.593609
0.585705
0.585405
0.583722
0.587854
