0.983466
0.977437
0.98806
0.98173
0.992934
0.97978
0.962396
0.99399
0.966022
1.01616
0.983416
1.05679
1.00469
1.05544
1.00401
1.08264
0.988399
1.05172
0.966312
1.0336
0.974643
1.01426
1.00937
1.03628
0.969903
0.972316
0.989467
1.00097
0.963732
1.02141
0.97816
1.02373
1.00563
0.96066
0.977864
1.00026
0.970241
0.993641
0.981353
0.978031
1.00406
0.980211
0.988922
0.974824
0.974656
1.00721
0.999367
0.922296
0.939625
0.92039
0.9227
0.926771
0.930912
0.924952
0.92236
0.923827
0.952279
0.921018
0.922619
0.931515
0.938199
0.913982
0.938786
0.923662
0.943766
0.95915
0.916765
0.949859
0.916056
0.964349
0.940068
0.938324
0.97246
0.933674
0.935123
0.915925
0.920211
0.929093
0.920099
0.938343
0.921202
0.935257
0.91776
0.916532
0.941147
0.924983
0.955086
0.923598
0.919861
0.941778
0.921897
0.936251
0.922626
0.947211
0.956487
0.930139
0.914871
0.928343
0.93404
0.928344
