0.0444934
0.0446871
0.0446201
0.0453843
0.044937
0.0447333
0.0455456
0.045573
0.045438
0.0446758
0.0449073
0.0459572
0.0448399
0.0447591
0.0448864
0.0448464
0.0446315
0.0448201
0.0450669
0.0456446
0.0461929
0.0451078
0.0449181
0.0445105
0.0447284
0.0448579
0.0738839
0.045179
0.0449712
0.0454848
0.0444677
0.044538
0.0445103
0.0452267
0.0450209
0.0446688
0.0448781
0.0446953
0.0451522
0.0452099
0.0453603
0.0458493
0.0441897
0.0446712
0.0443684
0.0449878
0.0445979
0.0453096
0.0452476
0.044582
0.0453239
0.0445503
0.0443627
0.0452979
0.0452939
0.0445642
0.0443094
0.0443672
0.0452167
0.044975
0.0450468
0.044751
0.0449043
0.0451543
0.0447917
0.0449503
0.0448754
0.0452572
0.0446793
0.0450957
0.0450081
0.0441452
0.0454448
0.045192
0.0455862
0.0451433
0.0451831
0.0448307
0.0445242
0.0448743
0.0446733
0.0451239
0.0452718
0.0446119
0.0455355
0.0447418
0.0447819
0.0456097
0.0457962
0.0463238
0.0446041
0.0457341
0.0448452
0.0450286
0.0457418
0.0444254
0.0445741
0.0448983
0.0446536
0.0450506
