0.0370357
0.0367134
0.0375094
0.0370121
0.0370439
0.0370119
0.0365683
0.0370147
0.0374019
0.037234
0.036861
0.0373352
0.0372324
0.0375762
0.0370128
0.0371582
0.0366387
0.0371879
0.0373636
0.0373696
0.0376049
0.0375314
0.0381053
0.0368887
0.0374892
0.0367316
0.0374
0.0374576
0.0373918
0.0376425
0.0371524
0.0372059
0.0371409
0.0378041
0.0376301
0.0375626
0.0371696
0.0370886
0.0372246
0.0373676
0.0373328
0.0376982
0.0371435
0.0372557
0.0381613
0.037047
0.0374783
0.0372609
0.0369965
0.037001
0.0372808
0.0373512
0.0372092
0.0372737
0.0367336
0.0372929
0.0371322
0.0376228
0.0371708
0.0375354
0.0375038
0.0374553
0.0372488
0.0374014
0.0372833
0.037225
0.0371549
0.0379462
0.0368669
0.0370284
0.0368219
0.0373599
0.0373587
0.0369911
0.0377869
0.0376928
0.037085
0.0368899
0.0381866
0.0371494
0.0369516
0.0374189
0.0371906
0.0371141
0.0374997
0.0370166
0.0370968
0.0369081
0.0373853
0.0369795
0.036988
0.037323
0.0372619
0.0372899
0.0377571
0.0370931
0.0372249
0.0370217
0.0369976
0.037753
