0.406823
0.414076
0.41393
0.406446
0.402935
0.405894
0.409796
0.407973
0.4083
0.408771
0.411715
0.40565
0.404882
0.413459
0.406672
0.41302
0.409536
0.406267
0.410386
0.412053
0.405512
0.417352
0.410917
0.408438
0.409121
0.440094
0.403677
0.408892
0.411043
0.404623
0.404678
0.403884
0.409962
0.405744
0.404807
0.413027
0.411926
0.416482
0.408483
0.403738
0.406714
0.407287
0.409337
0.42737
0.413467
0.407831
0.406397
0.439333
0.405456
0.405539
0.407993
0.406207
0.404499
0.406183
0.404431
0.415967
0.410969
0.415699
0.439623
0.405234
0.404516
0.419557
0.40408
0.408217
0.403937
0.403881
0.406017
0.406377
0.413782
0.421882
0.41308
0.405612
0.407326
0.406476
0.41246
0.412283
0.402911
0.415708
0.412246
0.407012
0.405993
0.413281
0.40775
0.408051
0.409418
0.40783
0.403252
0.406853
0.428293
0.435271
0.431527
0.411653
0.404266
0.403841
0.402358
0.40774
0.406346
0.406776
0.404622
0.403271
