2.61e-05
2.63e-05
2.59e-05
2.62e-05
2.62e-05
2.62e-05
2.61e-05
2.61e-05
2.62e-05
2.58e-05
2.61e-05
2.61e-05
2.59e-05
2.61e-05
2.61e-05
2.62e-05
2.62e-05
2.59e-05
2.61e-05
2.59e-05
2.6e-05
2.58e-05
2.61e-05
2.63e-05
2.56e-05
2.57e-05
2.62e-05
2.61e-05
2.6e-05
2.62e-05
2.57e-05
2.59e-05
2.58e-05
2.59e-05
2.62e-05
2.6e-05
2.61e-05
2.62e-05
2.61e-05
2.62e-05
2.58e-05
2.59e-05
2.65e-05
2.57e-05
2.58e-05
2.62e-05
2.59e-05
2.62e-05
2.62e-05
2.62e-05
2.62e-05
2.6e-05
2.62e-05
2.61e-05
2.58e-05
2.62e-05
2.61e-05
2.62e-05
2.6e-05
2.62e-05
2.61e-05
2.58e-05
2.61e-05
2.6e-05
2.62e-05
2.62e-05
2.61e-05
2.59e-05
2.62e-05
2.62e-05
2.61e-05
2.59e-05
2.57e-05
2.63e-05
2.6e-05
2.63e-05
2.61e-05
2.61e-05
2.6e-05
2.62e-05
2.58e-05
2.63e-05
2.64e-05
2.64e-05
2.61e-05
2.61e-05
2.63e-05
2.58e-05
2.61e-05
3.31e-05
2.61e-05
2.6e-05
2.6e-05
2.61e-05
2.61e-05
2.6e-05
2.62e-05
2.57e-05
2.62e-05
2.62e-05
