2.318
2.32029
2.25053
2.2475
2.25
2.25738
2.24737
2.24805
2.24905
2.24877
2.25055
2.29427
2.24724
2.28836
2.2471
2.32495
2.29671
2.24673
2.25404
2.24933
2.28986
2.24813
2.29507
2.25298
2.24954
2.24834
2.24892
2.28088
2.25868
2.26149
2.29909
2.26671
2.25433
2.25602
2.25564
2.29943
2.25273
2.29607
2.26053
2.25221
2.58103
2.31424
2.31958
2.29303
2.31979
2.2726
2.28783
2.35259
2.35057
2.31955
2.298
2.27068
2.33162
2.26218
2.31505
2.29306
2.3136
2.34163
2.2739
2.34519
2.32711
2.31125
2.31842
2.31678
2.27426
2.31182
2.30828
2.30499
2.26649
2.29287
2.45457
2.32153
2.35133
2.27008
2.31192
2.30996
2.30877
2.27651
2.26152
2.27651
2.32212
2.26885
2.36153
2.26107
2.34575
2.32474
2.29132
2.30269
2.39463
2.77969
2.39034
2.26973
2.30581
2.29637
2.3114
2.35061
2.29919
2.3642
2.27506
2.30254
