0.0005731
0.0005695
0.0005689
0.0005891
0.0005735
0.0005739
0.0005682
0.0005755
0.0005741
0.0005687
0.0005688
0.0005758
0.0005755
0.000575
0.0005765
0.0005729
0.0005755
0.0005678
0.0005746
0.0005756
0.000574
0.000568
0.0005726
0.0005732
0.0005763
0.0005742
0.0005672
0.0005743
0.0005752
0.0005759
0.0005696
0.0005712
0.0005756
0.0005763
0.0005735
0.0005737
0.0005684
0.0005762
0.0005733
0.0005752
0.0005753
0.0005758
0.0005753
0.0005736
0.0005684
0.0005737
0.0005686
0.0005741
0.0005756
0.0005753
0.0005755
0.000575
0.0005736
0.0005742
0.0005762
0.0005751
0.0005675
0.0005762
0.0005885
0.0005736
0.0005693
0.0005749
0.0005745
0.0006943
0.0005748
0.0005759
0.0005674
0.0005736
0.0005767
0.0005752
0.0005737
0.0005689
0.0005742
0.0006855
0.0005742
0.0005746
0.0005695
0.0005737
0.0006162
0.000574
0.0005752
0.000574
0.0005683
0.0005743
0.0005682
0.0005689
0.0005759
0.0005751
0.0005757
0.0005763
0.0005681
0.0005756
0.000574
0.0005675
0.0005736
0.000575
0.0005697
0.0005684
0.0005746
0.0005739
