0.0049628
0.0049983
0.0050491
0.0049642
0.0050116
0.0049213
0.0050706
0.0049885
0.0050557
0.0051117
0.0050766
0.0049792
0.0050176
0.0050241
0.0050338
0.0047965
0.0049978
0.0051369
0.0051596
0.0050438
0.0049897
0.0049586
0.004937
0.0048699
0.0050167
0.0050458
0.0049827
0.0050121
0.0049693
0.0049603
0.0049384
0.0049211
0.004946
0.0049927
0.0049592
0.0051161
0.005056
0.0049622
0.0051275
0.0050066
0.0050471
0.0049386
0.0049208
0.0051188
0.0049646
0.0050744
0.0049965
0.005032
0.0051652
0.0049619
0.0049492
0.00507
0.0050289
0.0049501
0.0049492
0.0049692
0.0049167
0.0049675
0.004931
0.0050276
0.0049182
0.0050631
0.0050472
0.0049417
0.0050501
0.0049093
0.0049764
0.0049702
0.0050423
0.0050638
0.0049038
0.004985
0.0051195
0.004936
0.005029
0.0048496
0.0049502
0.0049451
0.0049845
0.0050273
0.0049668
0.0050298
0.0049839
0.0050092
0.0050537
0.0048407
0.0050099
0.0050649
0.0050432
0.0049789
0.0050756
0.0049535
0.0049694
0.0050843
0.0050534
0.0050811
0.0050561
0.0051144
0.0049714
0.0049235
