0.0062156
0.0061876
0.0063892
0.0062367
0.0061778
0.0062326
0.0067524
0.0064761
0.0066963
0.0063047
0.0067761
0.0062499
0.0062058
0.0064366
0.006404
0.0062545
0.0062318
0.0061631
0.0061883
0.0061851
0.0062214
0.0061751
0.0068031
0.0061667
0.0061472
0.0067564
0.0061383
0.0068316
0.0064473
0.006212
0.0068452
0.0061512
0.0061614
0.006732
0.0061381
0.0063039
0.0061436
0.0063631
0.0061404
0.0061864
0.0061549
0.0061358
0.0061821
0.0061552
0.006158
0.0061338
0.0061605
0.0061356
0.0063491
0.0063192
0.0066979
0.006249
0.0070613
0.0063973
0.0062011
0.0061291
0.0069268
0.0069971
0.0066084
0.0062907
0.0064773
0.006922
0.0066587
0.0064767
0.0067203
0.0062691
0.0065848
0.0070858
0.0062227
0.0070894
0.0066356
0.0063612
0.0064835
0.0064267
0.0063146
0.0067139
0.0064102
0.0062837
0.0063542
0.0063691
0.0064801
0.0064885
0.0063726
0.0066865
0.0071893
0.0062925
0.0070097
0.0064939
0.0062534
0.0067857
0.0067303
0.0064582
0.0065551
0.0061549
0.006236
0.0063313
0.0069174
0.006897
0.0062068
0.0063866
