0.0170622
0.0170686
0.0173273
0.0170002
0.0171886
0.0171467
0.0171623
0.0170557
0.0174339
0.0173156
0.0173814
0.0174476
0.0169536
0.0175092
0.0171248
0.0171811
0.0173239
0.017303
0.0169962
0.0172018
0.0173536
0.0169633
0.0168852
0.0173037
0.0172303
0.0172736
0.0168098
0.0171575
0.017219
0.0174569
0.0169131
0.0171921
0.0171401
0.017186
0.0173651
0.0173667
0.0173153
0.0168266
0.0170026
0.0171699
0.0172098
0.0175151
0.0172387
0.017354
0.0171161
0.0171034
0.0179486
0.0175776
0.0170289
0.0171095
0.0173371
0.0173955
0.0168728
0.0169789
0.0172119
0.017021
0.0171867
0.0171138
0.0174905
0.016698
0.0173058
0.0171395
0.017016
0.0170519
0.0172324
0.0176334
0.0173635
0.0171656
0.0174078
0.0171964
0.0169468
0.0171328
0.0172372
0.0172748
0.0168248
0.017663
0.0170116
0.0172161
0.0168778
0.0172173
0.017221
0.0169347
0.0172148
0.017223
0.0172065
0.0172224
0.0172224
0.0173345
0.0171266
0.0171897
0.0172127
0.0169402
0.0170513
0.0169851
0.017007
0.0169394
0.0174141
0.0174003
0.0171756
0.0172418
