0.0656376
0.0671548
0.0667475
0.065948
0.0671654
0.0658364
0.0661401
0.0656629
0.065845
0.0666703
0.0652513
0.0669124
0.0659474
0.066797
0.0661731
0.0658436
0.0674012
0.0658712
0.0672858
0.0672816
0.0663605
0.0661521
0.0657506
0.0669715
0.0664971
0.0672959
0.065634
0.0664264
0.0660977
0.0660336
0.0661092
0.0662288
0.0652905
0.0661335
0.066054
0.0735104
0.0660093
0.0659635
0.0664894
0.0662622
0.0667999
0.0660846
0.0674415
0.0670175
0.0657369
0.066406
0.0657944
0.0669473
0.0661265
0.065597
0.0659895
0.0655735
0.0657321
0.0659467
0.0667854
0.0661385
0.067016
0.0660865
0.0652198
0.0662601
0.0660636
0.0667727
0.065895
0.0667253
0.0669435
0.0664008
0.065692
0.066123
0.0672428
0.066443
0.0669
0.0654518
0.0655962
0.0657618
0.0658576
0.0670221
0.0662975
0.0665689
0.066353
0.0662319
0.0657288
0.0666753
0.0671119
0.0660873
0.0665763
0.0669503
0.0657946
0.0651869
0.0659595
0.0665338
0.0658475
0.0663791
0.0663755
0.0661893
0.0658697
0.0671805
0.0655536
0.066521
0.0658811
0.0667599
