0.000131
0.0001297
0.0001302
0.0001298
0.0001291
0.0001298
0.0001317
0.0001305
0.0001304
0.0001307
0.0001314
0.0001308
0.0001306
0.0001309
0.0001303
0.0001308
0.0001309
0.0001306
0.000132
0.0001299
0.0001309
0.0001308
0.0001304
0.0001308
0.0001307
0.0001304
0.0001326
0.0001326
0.0001315
0.0001316
0.0001309
0.0001301
0.0001311
0.000132
0.0001314
0.0001308
0.0001302
0.0001321
0.0001325
0.000131
0.0001298
0.0001299
0.0001321
0.0001305
0.0001308
0.0001307
0.0001307
0.0001323
0.0001294
0.0001311
0.0001329
0.000132
0.0001316
0.0001314
0.0001309
0.00013
0.0001303
0.0001328
0.0001312
0.0001316
0.0001297
0.0001299
0.0001307
0.0001306
0.0001312
0.0001309
0.000131
0.0001302
0.0001318
0.0001308
0.0001303
0.0001308
0.0001285
0.0001306
0.0001294
0.0001298
0.000131
0.0001309
0.0001309
0.0001305
0.0001305
0.0001311
0.0001299
0.0001305
0.0001302
0.0001303
0.0001308
0.000133
0.0001305
0.0001311
0.0001308
0.0001307
0.0001308
0.0001307
0.0001305
0.0001324
0.0001304
0.0001302
0.0001312
0.0001305
