0.066789
0.0660959
0.0660476
0.065841
0.0661387
0.0667286
0.0661138
0.065866
0.0670123
0.0656739
0.0653717
0.0658704
0.0668397
0.06676
0.0666543
0.0654295
0.0666915
0.0659148
0.0658912
0.0662959
0.0665543
0.0671736
0.0661683
0.0660116
0.066635
0.0666283
0.0658264
0.0665816
0.0669707
0.0667234
0.0671146
0.0663892
0.0663739
0.0665205
0.066114
0.0670783
0.0665826
0.0666977
0.0665243
0.0663973
0.0663329
0.066096
0.0665201
0.0664781
0.065861
0.0669836
0.06631
0.0659844
0.0662395
0.0666958
0.0656
0.0657254
0.065975
0.0661372
0.0660554
0.0661226
0.0664403
0.0658349
0.0653091
0.0671696
0.0667879
0.0656901
0.0660198
0.0665825
0.0662491
0.0672237
0.0666486
0.0660953
0.0664011
0.0673689
0.0659017
0.0653721
0.06576
0.0670915
0.0660844
0.0659538
0.0669231
0.0660707
0.066371
0.0663634
0.065938
0.0660235
0.0665097
0.0663181
0.0677989
0.0670191
0.0659913
0.0657795
0.0658904
0.0662033
0.0658183
0.066302
0.0666538
0.0663984
0.0658548
0.0661554
0.0662887
0.0671301
0.0663891
0.0658565
