0.0001061
0.0001046
0.0001043
0.0001059
0.0001036
0.0001038
0.0001076
0.0001046
0.0001043
0.0001044
0.0001045
0.000107
0.0001061
0.0001047
0.0001044
0.0001042
0.0001048
0.0001044
0.0001046
0.000104
0.0001044
0.0001045
0.0001032
0.0001044
0.0001046
0.0001035
0.0001035
0.0001035
0.0001035
0.0001038
0.0001053
0.0001044
0.0001038
0.0001059
0.0001055
0.0001035
0.0001037
0.0001051
0.0001042
0.0001042
0.0001048
0.0001045
0.0001058
0.0001046
0.0001043
0.0001041
0.0001069
0.0001043
0.0001037
0.0001046
0.0001044
0.0001041
0.0001033
0.0001042
0.0001039
0.0001053
0.0001035
0.0001041
0.0001046
0.0001046
0.0001046
0.0001038
0.0001036
0.0001035
0.0001045
0.000105
0.000106
0.0001037
0.0001066
0.0001045
0.0001051
0.0001032
0.0001039
0.0001043
0.0001055
0.0001045
0.0001046
0.0001043
0.0001044
0.0001036
0.0001037
0.0001038
0.0001043
0.0001046
0.0001046
0.0001061
0.0001049
0.0001076
0.0001043
0.0001049
0.000124
0.000105
0.0001047
0.0001044
0.0001044
0.0001043
0.0001045
0.000107
0.0001044
0.0001039
