0.357702
0.357697
0.35726
0.357958
0.361523
0.362373
0.357862
0.359359
0.36326
0.361367
0.357587
0.366107
0.357428
0.359972
0.357966
0.364233
0.35757
0.357992
0.363421
0.357167
0.357779
0.357565
0.363894
0.357936
0.357631
0.364697
0.357824
0.365818
0.357667
0.363854
0.357664
0.357546
0.364485
0.357832
0.358649
0.358782
0.357922
0.358349
0.357575
0.357386
0.357288
0.359521
0.364008
0.357357
0.357788
0.360902
0.365032
0.363764
0.358519
0.363088
0.358659
0.359172
0.357802
0.357233
0.364659
0.357403
0.362918
0.357433
0.357405
0.357585
0.363882
0.372572
0.357677
0.363286
0.357602
0.357653
0.35737
0.461414
0.360509
0.358461
0.36563
0.360042
0.358797
0.359421
0.367822
0.360977
0.358711
0.359167
0.360542
0.358249
0.357621
0.365969
0.357696
0.358016
0.363935
0.357819
0.357787
0.357372
0.357444
0.35756
0.357378
0.357605
0.357646
0.357429
0.357877
0.357824
0.363292
0.35949
0.357465
0.364279
