0.0044175
0.004462
0.0044725
0.0044494
0.0045904
0.0044205
0.0045737
0.0045801
0.004495
0.004535
0.0043926
0.0044682
0.0044962
0.0044547
0.004551
0.004335
0.004456
0.004463
0.0045452
0.0044538
0.0044556
0.0045208
0.0044906
0.0044344
0.0045892
0.0044923
0.0044463
0.0044025
0.0046064
0.0044473
0.0044339
0.0044062
0.0044937
0.0044313
0.0044206
0.0045374
0.0044602
0.0044549
0.0045261
0.0044839
0.004538
0.0043848
0.0045856
0.0045378
0.0045472
0.0045019
0.0044814
0.004506
0.0046957
0.0045032
0.0044111
0.0045242
0.0044984
0.0044383
0.0044383
0.0044172
0.0044615
0.004495
0.0044887
0.0045192
0.0043918
0.0044832
0.0044438
0.0044315
0.0044402
0.0044666
0.0046445
0.004572
0.004503
0.004461
0.0044508
0.00447
0.0045781
0.0044934
0.0045294
0.0043861
0.0044381
0.0045088
0.0044479
0.0044048
0.0045467
0.0045061
0.004469
0.0046668
0.0048997
0.004357
0.0044261
0.0044399
0.0045033
0.0044628
0.0044495
0.0044423
0.0045142
0.0045433
0.0044721
0.0045099
0.0044734
0.0044766
0.0045036
0.0044436
