0.0016635
0.0016665
0.001672
0.0016709
0.0016609
0.001666
0.0016611
0.0016641
0.0016652
0.0016663
0.0016654
0.001677
0.0016636
0.0016689
0.0016723
0.0019159
0.0016634
0.0016713
0.0016643
0.0016684
0.0016661
0.001699
0.0016612
0.0016738
0.0016783
0.0016625
0.0016617
0.0016603
0.0016715
0.0016623
0.0016635
0.001665
0.0016764
0.0016624
0.0016664
0.0016739
0.0016743
0.0016687
0.0016672
0.0016689
0.0016865
0.0016738
0.0016681
0.0016628
0.0016589
0.0016532
0.0016636
0.001672
0.0016642
0.0017687
0.0016648
0.0016648
0.0016927
0.0018017
0.0016664
0.0016645
0.0016697
0.0016626
0.0016945
0.0016847
0.0016606
0.0016607
0.0016699
0.0016586
0.0016607
0.0016653
0.0016638
0.0017126
0.0016869
0.0016659
0.0016567
0.0016672
0.0016625
0.0016647
0.0016664
0.0016808
0.0016962
0.0016618
0.0016798
0.0016657
0.0016714
0.00166
0.0016582
0.0016623
0.0016652
0.0016652
0.0016853
0.0016622
0.0016883
0.0016652
0.0016696
0.0016631
0.0016642
0.0017138
0.0016658
0.0016681
0.0016649
0.0016658
0.0016619
0.0018155
