0.0046866
0.0050199
0.0049956
0.0046667
0.0049423
0.0046843
0.0047065
0.0046806
0.0046909
0.0046546
0.0047632
0.0048847
0.0048918
0.0046564
0.004792
0.0050134
0.0046568
0.0047035
0.0052212
0.0047797
0.004656
0.0048419
0.0048123
0.004796
0.0046626
0.0047947
0.0048026
0.0046596
0.0048393
0.0049114
0.0046536
0.0049792
0.0048767
0.0046642
0.0047734
0.0053538
0.0046811
0.0048044
0.0050623
0.0046456
0.0048766
0.004876
0.0047151
0.0046531
0.0048365
0.0048359
0.0054522
0.0048432
0.0049869
0.0046804
0.0048852
0.0046803
0.0047598
0.0046845
0.0048166
0.0047348
0.0046729
0.0047186
0.0048632
0.0046625
0.0047581
0.0049864
0.004935
0.0048277
0.0048696
0.0048935
0.0046936
0.004703
0.0047429
0.0046698
0.0048333
0.0048448
0.004669
0.0049267
0.0054145
0.0049711
0.0048579
0.0051785
0.0046607
0.0047555
0.0052152
0.0048574
0.004818
0.0052445
0.0048842
0.0047908
0.0049287
0.004677
0.004654
0.0048116
0.0047449
0.0046736
0.0046965
0.0048298
0.0046871
0.0048199
0.0050385
0.0049492
0.0046625
0.0047849
