4.44319
4.42676
4.45404
4.42753
4.43257
4.42066
4.43664
4.51261
4.51801
4.59522
4.634
4.7742
4.58221
4.49064
4.52508
4.4907
4.51352
4.49629
4.57706
4.49287
4.55496
4.96251
4.64321
4.52261
4.44792
4.44211
4.51717
4.45164
4.47285
4.44411
4.52098
4.44288
4.43082
4.4436
4.41981
4.44307
4.43773
4.44026
4.42572
4.43318
4.42501
4.44451
4.43479
4.42897
4.43568
4.43986
4.47224
4.4554
4.44651
4.41936
4.43218
4.46063
4.42593
4.42257
4.43126
4.44033
4.43745
4.42931
4.42705
4.48028
4.42789
4.43292
4.42207
4.419
4.44769
4.43397
4.42406
4.42149
4.45065
4.43303
4.42385
4.42072
4.41957
4.42607
4.43381
4.4259
4.42166
4.42575
4.41968
4.42431
4.43116
4.4367
4.4257
4.43186
4.42361
4.4227
4.4542
4.42562
4.41826
4.4315
4.45397
4.42167
4.41986
4.42453
4.42276
4.45259
4.42044
4.41836
4.43147
4.43111
