0.0890598
0.0897456
0.0903219
0.0900986
0.0889415
0.0889308
0.0888775
0.0894852
0.0888796
0.0890689
0.0889024
0.0888238
0.0896881
0.089918
0.0901173
0.0890167
0.0891163
0.0889602
0.0893455
0.0895042
0.0890367
0.0905219
0.0891136
0.0890555
0.0897664
0.0891464
0.0891288
0.0891213
0.088959
0.0889284
0.0892937
0.0898952
0.0889049
0.0889166
0.0889255
0.0903028
0.0888321
0.0888946
0.0888902
0.0890895
0.0888996
0.0907007
0.0890989
0.090203
0.0889045
0.0907635
0.0890731
0.089117
0.0890365
0.091894
0.0888536
0.0889236
0.0899229
0.0891303
0.0889407
0.0906939
0.0888771
0.0889022
0.0888845
0.0910868
0.0892701
0.0890797
0.090201
0.0889135
0.0888947
0.0911511
0.0889097
0.0890744
0.0900726
0.0896396
0.08898
0.0888486
0.0889752
0.0901406
0.0888836
0.0894125
0.0909333
0.0935111
0.0899051
0.0891976
0.0890468
0.0905383
0.0889038
0.0890026
0.0889477
0.0892599
0.0900732
0.0892961
0.0889841
0.0909547
0.0889322
0.088841
0.0904919
0.0889372
0.0889558
0.0905167
0.0889043
0.0889074
0.088898
0.0903821
