0.0674031
0.0664819
0.0681391
0.0662604
0.0671978
0.0667378
0.0670124
0.0670435
0.0677637
0.0667203
0.0663121
0.0740532
0.0675893
0.0674502
0.0683927
0.0679013
0.0681221
0.0682053
0.0673423
0.06767
0.0671279
0.0663768
0.0681587
0.0680851
0.0681328
0.0682559
0.0669424
0.0677709
0.0686432
0.0663522
0.0669631
0.0666261
0.0666796
0.0666043
0.0708891
0.0673541
0.0667787
0.0670655
0.0675489
0.0666074
0.0672267
0.0678808
0.0681531
0.0671108
0.0668511
0.0671508
0.0667669
0.0672271
0.0681098
0.0679181
0.0677463
0.0664709
0.0665391
0.0672666
0.0661956
0.0663463
0.0666171
0.0999044
0.0672951
0.0668924
0.0666156
0.0674998
0.0677065
0.0665596
0.0668248
0.0672126
0.0666751
0.0684106
0.0679044
0.0666818
0.0660666
0.0670721
0.0676581
0.0683396
0.0678574
0.0673931
0.0667177
0.0669983
0.0669069
0.0667712
0.0670177
0.0890174
0.0676829
0.066497
0.0667904
0.0669244
0.06699
0.0678402
0.0671452
0.0672068
0.0675419
0.0670211
0.0661664
0.0682384
0.0672435
0.0674928
0.0673339
0.0669745
0.0674973
0.0677998
