0.722354
0.732753
0.724943
0.724684
0.753853
0.720876
0.719082
0.716945
0.724132
0.741308
0.718737
0.719988
0.735241
0.720114
0.715421
0.71815
0.718893
0.715827
0.729861
0.730933
0.722521
0.7196
0.717228
0.722628
0.730152
0.720768
0.717365
0.733302
0.715731
0.717398
0.755393
0.718499
0.720223
0.719294
0.718385
0.719111
0.724164
0.721344
0.734126
0.72073
0.723689
0.734422
0.718186
0.719013
0.735596
0.732378
0.72067
0.71609
0.72281
0.716469
0.72227
0.731464
0.773304
0.798508
0.720334
0.719269
0.715518
0.720874
0.718779
0.760086
0.720291
0.724637
0.74869
0.715664
0.718627
0.717476
0.716316
0.732547
0.732646
0.716001
0.726934
0.738197
0.718866
0.717819
0.717387
0.724114
0.714501
0.732027
0.762023
0.72218
0.723753
0.712213
0.723326
0.719386
0.71716
0.719252
0.734531
0.717195
0.718247
0.74608
0.718344
0.73141
0.718332
0.720428
0.721684
0.71616
0.716663
0.730242
0.72013
0.722997
