0.016651
0.0166632
0.0165419
0.0168867
0.0164477
0.0167426
0.0167204
0.0166856
0.0168878
0.0169253
0.0168317
0.0172296
0.0170437
0.0166472
0.0169977
0.0167494
0.0167189
0.0170546
0.016639
0.0168833
0.0167408
0.0166262
0.0169352
0.0166696
0.0167636
0.0170723
0.0168846
0.0167423
0.0169976
0.0164376
0.01679
0.0168725
0.0170698
0.0169746
0.0172984
0.0167475
0.0167622
0.016684
0.0169703
0.0170373
0.0167897
0.0167454
0.016847
0.0167499
0.0167579
0.0166401
0.0166367
0.0167232
0.0191553
0.0165107
0.016774
0.0165258
0.0170092
0.0170811
0.0166525
0.0167563
0.0168728
0.0166042
0.0169862
0.0168825
0.0168613
0.0166073
0.0171229
0.0170721
0.016738
0.0167711
0.0169639
0.0168252
0.0166675
0.0172077
0.0169077
0.0168026
0.0169027
0.0166969
0.0168013
0.0170689
0.0171189
0.0170807
0.0168876
0.016495
0.0169247
0.0163982
0.0168691
0.0171267
0.0169292
0.0164476
0.0166915
0.0171165
0.0168106
0.0167615
0.0168125
0.0170597
0.0166143
0.0167668
0.0169214
0.0167703
0.0167739
0.0168614
0.0164409
0.0166766
