0.589277
0.590842
0.591815
0.591186
0.58781
0.587743
0.587291
0.58664
0.590169
0.588944
0.590591
0.590508
0.589489
0.588422
0.585252
0.58627
0.587813
0.593569
0.597944
0.586255
0.605381
0.589024
0.586857
0.591319
0.587894
0.587935
0.587338
0.588749
0.584118
0.584465
0.588921
0.591479
0.595752
0.588094
0.585392
0.595976
0.592022
0.600031
0.589721
0.589534
0.590311
0.589792
0.587691
0.594275
0.59004
0.587254
0.602465
0.585719
0.587268
0.628488
0.597706
0.587835
0.592353
0.58859
0.588828
0.58678
0.584675
0.589636
0.588074
0.586596
0.588305
0.599432
0.59439
0.594462
0.610861
0.586704
0.58567
0.588004
0.586994
0.594793
0.584668
0.587991
0.58673
0.58751
0.586071
0.590019
0.593256
0.587112
0.591669
0.597388
0.591539
0.581984
0.584739
0.587765
0.586102
0.626415
0.589304
0.595622
0.596865
0.595513
0.586943
0.588153
0.58679
0.59904
0.596977
0.594651
0.59399
0.586298
0.588932
0.591677
