1.82186
1.83419
1.8213
1.824
1.80232
1.84816
1.81198
1.78785
1.78772
1.79592
1.81998
1.79273
1.80392
1.79336
1.79701
1.88114
1.93493
2.44648
1.80016
1.81981
1.82236
1.82485
1.81906
1.78394
1.79523
1.80791
1.82342
1.89251
1.96179
1.9661
1.83211
1.82199
1.79814
1.82276
1.80111
1.79181
1.85605
1.92884
1.87594
1.79086
1.80175
1.83141
1.89419
1.80467
1.82393
1.7957
1.82882
1.79563
1.79937
1.80136
1.79907
1.80204
1.79574
1.84018
1.79448
1.79175
1.79042
1.82071
1.79895
1.79371
1.84125
1.79984
1.79258
1.81645
1.79241
1.79832
1.7964
1.78576
1.82067
1.79798
1.81844
1.78447
1.79399
1.80169
1.79528
1.79302
1.78836
1.79816
1.81888
1.81491
1.92286
1.82245
1.826
1.85582
1.8087
1.79663
1.79469
1.81468
1.78996
1.83036
1.80842
1.84773
1.80126
1.82324
1.78909
1.7922
1.79662
1.79665
1.81067
1.8071
