0.0014216
0.0014236
0.0014213
0.001435
0.0014217
0.0014277
0.0014231
0.0014224
0.0014273
0.0014233
0.0014251
0.0014267
0.0014265
0.0014231
0.0014187
0.0014251
0.0017897
0.0014271
0.0014213
0.0014224
0.0014478
0.0014276
0.0014219
0.0014346
0.0014222
0.0014348
0.001422
0.0014265
0.0014199
0.0014258
0.0014214
0.0014211
0.0014253
0.0014417
0.0014271
0.0014241
0.0014215
0.0014862
0.0014228
0.0014251
0.0014246
0.0014207
0.0014299
0.0014214
0.0014259
0.0014218
0.0014773
0.0014281
0.0014222
0.0014224
0.0014232
0.0014208
0.0014228
0.0014209
0.0014773
0.0014224
0.0014235
0.0014229
0.0014216
0.001428
0.0014252
0.00142
0.0014213
0.0014374
0.0014217
0.001422
0.0014259
0.001424
0.0014219
0.0014227
0.0014254
0.0014222
0.0014247
0.001432
0.0014219
0.0014224
0.0016473
0.001427
0.0014217
0.0014266
0.0015032
0.0014207
0.0014226
0.0014244
0.0014265
0.0014227
0.0014257
0.0014221
0.0014233
0.001431
0.0014234
0.001422
0.0014211
0.0014459
0.0014238
0.0014239
0.0014207
0.0016369
0.0014235
0.0014231
