0.0169935
0.0171323
0.0170673
0.0169767
0.0174925
0.0171275
0.0168974
0.0171111
0.0196946
0.0172468
0.017279
0.0173188
0.0170782
0.0173751
0.0257436
0.01728
0.0170483
0.0170863
0.0172578
0.0171991
0.0170978
0.017022
0.0170386
0.0175523
0.0173754
0.0174521
0.0169564
0.0168854
0.0170764
0.0171404
0.0171251
0.0173205
0.0179373
0.0170867
0.0172202
0.0173835
0.0175295
0.0168901
0.0170666
0.0173605
0.0174881
0.0172408
0.0174056
0.0173918
0.0170438
0.017157
0.0182335
0.0174978
0.0169459
0.0172756
0.0173098
0.0170125
0.0170821
0.0171066
0.017045
0.017071
0.0176521
0.0170155
0.0171141
0.0168003
0.0172474
0.0172003
0.017031
0.0171665
0.0171131
0.0172806
0.0172548
0.0170963
0.0172016
0.017442
0.0170888
0.0172622
0.0170715
0.0171886
0.0168415
0.0174622
0.0168447
0.0173833
0.0168992
0.0170376
0.0171635
0.0168879
0.0173579
0.0172258
0.0173195
0.0173595
0.0170056
0.0172629
0.0170187
0.0172709
0.0172041
0.0171443
0.0173206
0.0168468
0.0169281
0.0169701
0.0172303
0.0174667
0.0171063
0.0171615
