0.14838
0.14959
0.150061
0.147857
0.148101
0.148586
0.186672
0.147315
0.148001
0.147849
0.149372
0.149821
0.148988
0.146746
0.147166
0.149368
0.147118
0.147136
0.150421
0.147663
0.147853
0.148497
0.180194
0.22343
0.14743
0.150528
0.148387
0.15045
0.149148
0.148418
0.150505
0.151083
0.149067
0.150375
0.150428
0.148357
0.148199
0.146947
0.149348
0.148556
0.147662
0.148717
0.177722
0.14699
0.148512
0.14895
0.149444
0.148432
0.148007
0.14762
0.148552
0.14642
0.148051
0.147053
0.149073
0.147203
0.148272
0.149088
0.147752
0.151425
0.147645
0.150015
0.149128
0.147699
0.147418
0.147789
0.149433
0.149843
0.149906
0.149621
0.148114
0.149779
0.146677
0.148155
0.149874
0.148075
0.147668
0.146652
0.148196
0.146828
0.149346
0.148827
0.147347
0.146916
0.148725
0.147021
0.148863
0.149778
0.147627
0.148245
0.148655
0.148999
0.145964
0.149648
0.149816
0.16409
0.146934
0.147301
0.14716
0.147674
