0.0019555
0.0019539
0.001955
0.0019591
0.0019618
0.0019596
0.001957
0.001958
0.0021
0.0021352
0.0024113
0.0019528
0.0019528
0.002273
0.0019513
0.0021696
0.0023723
0.0019546
0.0019499
0.0019532
0.0019617
0.0021518
0.0019605
0.0019537
0.0019729
0.0019511
0.0019596
0.0019567
0.0019604
0.0019573
0.00196
0.001951
0.0019586
0.0019543
0.0019712
0.0019544
0.0020225
0.0021146
0.0023801
0.0019782
0.0019595
0.001951
0.0019536
0.0019538
0.0019513
0.0019511
0.0019548
0.001996
0.0019513
0.0019585
0.0019542
0.0019633
0.0019551
0.0019553
0.0020615
0.0019573
0.0019518
0.001967
0.0021225
0.0019554
0.0019567
0.0019702
0.0019516
0.0021813
0.0019663
0.002229
0.0019512
0.0019625
0.0019517
0.0019611
0.0020855
0.0022151
0.0019523
0.0019579
0.0019508
0.0023827
0.0019547
0.0019538
0.0019537
0.0020857
0.0019544
0.001957
0.0019664
0.0019565
0.0019528
0.0023135
0.001963
0.001954
0.0019536
0.0019524
0.0019544
0.0019573
0.0019539
0.0019586
0.001954
0.0019558
0.0019519
0.0019521
0.0019564
0.0019535
