0.588855
0.591399
0.59132
0.591835
0.587795
0.587572
0.605313
0.594196
0.601876
0.588537
0.58671
0.585353
0.58796
0.59866
0.593331
0.590536
0.587854
0.585896
0.587062
0.586331
0.590511
0.620865
0.587202
0.591121
0.619295
0.588064
0.587011
0.626917
0.584068
0.584431
0.588221
0.591565
0.597647
0.596866
0.595006
0.588648
0.586947
0.589457
0.588821
0.597829
0.624737
0.588706
0.597627
0.624784
0.589657
0.587255
0.586678
0.594653
0.58694
0.585866
0.588979
0.5863
0.658221
0.589043
0.588426
0.586664
0.584705
0.58767
0.597111
0.596103
0.598388
0.590186
0.584666
0.585309
0.588522
0.595738
0.595012
0.5869
0.587885
0.586392
0.583941
0.586675
0.592215
0.595956
0.597429
0.589609
0.583595
0.586921
0.601413
0.588812
0.5912
0.582221
0.584599
0.601715
0.595653
0.59799
0.591262
0.586154
0.588781
0.586422
0.586807
0.597706
0.596834
0.588978
0.586836
0.585507
0.58621
0.59544
0.592678
0.630174
