0.079077
0.0794808
0.0791803
0.0806507
0.0797924
0.0793423
0.0799475
0.0788584
0.0794798
0.0789358
0.0802321
0.0793847
0.0794657
0.0803483
0.0797668
0.0787171
0.0798121
0.0805965
0.0793051
0.0798265
0.0800828
0.0796637
0.0789675
0.0792404
0.0810381
0.0801285
0.0790369
0.0803315
0.0794225
0.080048
0.0797286
0.081185
0.0786529
0.0797643
0.0794036
0.0799218
0.0795644
0.0800611
0.0818787
0.0800007
0.0795512
0.0808764
0.0797499
0.0800801
0.0806607
0.0804566
0.0804675
0.0792508
0.0813243
0.0788857
0.0790225
0.0801963
0.0788026
0.0792241
0.0794065
0.080783
0.0797668
0.078978
0.0785136
0.079799
0.0797948
0.0789522
0.0799144
0.0798025
0.0798845
0.0800047
0.0792851
0.0794593
0.0798171
0.0804336
0.0792906
0.0799584
0.0789903
0.0794505
0.0792058
0.0791424
0.0802518
0.0793163
0.0811985
0.0796983
0.0799387
0.0791306
0.0800409
0.0802808
0.0800947
0.0815268
0.0796464
0.0787565
0.0791887
0.079672
0.0794152
0.0811099
0.0794164
0.0809359
0.0791214
0.0797066
0.079796
0.0801155
0.0800598
0.0791112
