0.179821
0.178971
0.182632
0.177695
0.182495
0.177256
0.181538
0.176998
0.178567
0.178799
0.178118
0.178994
0.181063
0.177621
0.177963
0.179995
0.179435
0.177851
0.181037
0.178825
0.179238
0.177815
0.178365
0.178496
0.181281
0.181674
0.178358
0.18212
0.177978
0.178523
0.180015
0.179081
0.179218
0.178608
0.18217
0.178358
0.177148
0.178298
0.179196
0.178894
0.185183
0.177936
0.179413
0.180683
0.180305
0.178129
0.181075
0.180761
0.176993
0.180672
0.17838
0.178113
0.181144
0.177722
0.179932
0.178484
0.178881
0.181683
0.182144
0.182036
0.180103
0.181102
0.182599
0.178426
0.178946
0.179625
0.17849
0.178897
0.180681
0.177496
0.178386
0.178114
0.177759
0.179955
0.179776
0.178503
0.178258
0.181131
0.177545
0.178691
0.179664
0.17645
0.178546
0.181466
0.179881
0.179509
0.181056
0.17906
0.179815
0.178474
0.178181
0.177549
0.178973
0.18007
0.179012
0.181057
0.18133
0.177926
0.177709
0.179172
