0.333077
0.334842
0.334918
0.338201
0.33461
0.337913
0.334137
0.333589
0.330524
0.330702
0.332821
0.371343
0.332909
0.333867
0.334552
0.334446
0.374209
0.33481
0.333396
0.336699
0.331535
0.334155
0.331906
0.340078
0.334454
0.331956
0.331776
0.332913
0.334772
0.335464
0.368571
0.336519
0.33607
0.365749
0.331498
0.33306
0.332786
0.335517
0.340264
0.338599
0.333249
0.334242
0.334325
0.332461
0.332496
0.339009
0.332133
0.331257
0.331701
0.332566
0.337902
0.335941
0.335101
0.333384
0.33181
0.334224
0.331031
0.334911
0.331972
0.331493
0.331671
0.332127
0.331227
0.337393
0.335917
0.335804
0.365017
0.332428
0.333074
0.334799
0.332144
0.33314
0.338016
0.338772
0.336444
0.337737
0.333732
0.33426
0.332751
0.337965
0.349538
0.333673
0.334857
0.333559
0.331728
0.338868
0.33249
0.332006
0.33565
0.366696
0.37384
0.330623
0.330976
0.332907
0.330276
0.333076
0.33213
0.328824
0.334139
0.367528
