1.82756
1.82452
1.86252
1.84935
1.82645
1.8752
1.8234
1.82397
1.85004
1.82687
1.85418
1.82406
1.87718
1.82976
1.82249
1.82495
1.82311
1.82886
1.81925
1.87469
1.82095
1.82822
1.82208
1.82256
1.82213
1.82594
1.82189
1.85641
1.82647
1.82338
1.851
1.85481
1.85857
1.82683
1.89089
1.84071
1.82528
1.83348
1.83206
1.93983
1.90818
1.84248
1.84402
1.91719
1.88078
1.87046
1.86388
1.83755
1.85213
1.84437
1.88296
1.87612
1.89255
1.93479
1.83888
1.89699
1.83682
1.84813
1.85799
1.83672
1.87487
1.8352
1.87232
1.85409
1.8427
1.87424
1.85278
1.8942
1.93011
1.9903
1.95823
1.84424
1.86517
1.92409
1.86814
1.84483
1.83963
1.83882
1.8449
1.83896
1.88221
1.84325
1.91823
1.86097
1.87102
1.84328
1.84108
1.9179
1.98025
1.9337
1.89199
1.83883
1.879
1.87208
1.87055
1.85412
1.83761
1.83739
1.84233
1.83495
