0.148814
0.150957
0.147745
0.147752
0.14801
0.148558
0.147987
0.147846
0.150329
0.149827
0.14718
0.148381
0.147918
0.146753
0.149187
0.151589
0.147167
0.146882
0.148702
0.147372
0.147937
0.148748
0.150216
0.149857
0.147941
0.149344
0.147804
0.151941
0.148665
0.147865
0.20916
0.149331
0.148265
0.15016
0.149235
0.148543
0.149159
0.147601
0.148194
0.148237
0.147554
0.149033
0.14879
0.148333
0.147191
0.149058
0.148302
0.147728
0.148036
0.150125
0.148672
0.146709
0.14805
0.152841
0.148154
0.149136
0.148932
0.149833
0.149933
0.148911
0.156793
0.147901
0.14909
0.147681
0.149623
0.15001
0.14719
0.148658
0.187924
0.147503
0.150001
0.149042
0.146822
0.147892
0.147422
0.147926
0.150868
0.148621
0.150434
0.146527
0.148439
0.149197
0.147627
0.147121
0.151639
0.147286
0.148658
0.14763
0.148021
0.147511
0.150497
0.149852
0.147478
0.147331
0.147271
0.147982
0.146949
0.147265
0.149623
0.148997
