0.202576
0.202957
0.203168
0.203124
0.202349
0.201596
0.201453
0.201383
0.202212
0.201687
0.204036
0.201823
0.202576
0.20257
0.20157
0.202304
0.203246
0.202567
0.202436
0.201517
0.200958
0.21185
0.206722
0.201685
0.203272
0.203541
0.202285
0.202027
0.202696
0.202187
0.202143
0.202789
0.203081
0.202007
0.202536
0.202773
0.202257
0.201584
0.20161
0.200707
0.202987
0.204047
0.202145
0.201206
0.202051
0.202901
0.202429
0.203016
0.202349
0.202629
0.202025
0.202445
0.201903
0.203817
0.201218
0.203696
0.20322
0.201793
0.203816
0.203278
0.202794
0.203362
0.20318
0.206343
0.202029
0.206293
0.224471
0.203876
0.207861
0.205189
0.215974
0.203349
0.201968
0.203976
0.203407
0.204454
0.201245
0.205118
0.209066
0.217896
0.20528
0.203908
0.202619
0.20438
0.202233
0.202465
0.202317
0.203363
0.202962
0.203354
0.201059
0.201713
0.203324
0.2035
0.203844
0.202959
0.201989
0.202558
0.201256
0.20404
