0.0817587
0.080492
0.0799847
0.078935
0.0798349
0.0799477
0.0798143
0.0811642
0.0804797
0.080027
0.080407
0.0815623
0.0806347
0.080359
0.0797221
0.0795582
0.08
0.0796842
0.0802131
0.0815459
0.0791809
0.0788139
0.0797716
0.0797877
0.0796452
0.0797553
0.0806975
0.0821611
0.0803683
0.0789119
0.0791426
0.0795934
0.0794802
0.0790345
0.0920463
0.0799547
0.0792384
0.0797948
0.0802011
0.0795234
0.0815026
0.0795389
0.0800943
0.0788252
0.0805049
0.0798411
0.0864129
0.0798184
0.0801793
0.0795296
0.0799869
0.0808199
0.0809438
0.0815756
0.0805332
0.0792885
0.0791807
0.0798813
0.0792406
0.0811321
0.0791165
0.080296
0.0803909
0.0789885
0.0796184
0.0798214
0.0811512
0.0802952
0.0799225
0.0801732
0.0789775
0.0800342
0.0797945
0.0798875
0.0802765
0.0789633
0.0798954
0.0805673
0.0810481
0.0810075
0.0800345
0.0795843
0.0805846
0.0791308
0.0807345
0.0803283
0.0797563
0.0796744
0.0798076
0.0797038
0.0801144
0.0796935
0.0803566
0.0797063
0.079221
0.0802847
0.0803259
0.0791649
0.0804219
0.0816128
