0.0002588
0.0002586
0.0002651
0.0002644
0.0002665
0.0002667
0.0002655
0.0002598
0.0002584
0.0002584
0.0002679
0.0002672
0.0002587
0.0002672
0.0002644
0.0002586
0.0002647
0.0002592
0.000264
0.0002648
0.0002591
0.0002595
0.000265
0.000265
0.000263
0.00026
0.0002589
0.0002668
0.0002685
0.0003376
0.0002587
0.0002643
0.0002648
0.0002959
0.000265
0.0002649
0.0002648
0.0002672
0.0002591
0.0002643
0.0002672
0.0002633
0.0002754
0.0002588
0.000262
0.0002644
0.0002846
0.0002676
0.0002653
0.0002641
0.0002644
0.0002639
0.0002676
0.0002645
0.0002645
0.0002644
0.0002587
0.0002628
0.0002657
0.0002651
0.0002666
0.0002647
0.0002643
0.0002648
0.0002668
0.0002675
0.0002638
0.0002585
0.0002588
0.0002603
0.0002582
0.0002645
0.000299
0.0002591
0.0002654
0.0002584
0.0002658
0.0002591
0.0002586
0.0002586
0.0002584
0.0002586
0.0002653
0.0002587
0.0002586
0.0002587
0.0002586
0.0002626
0.000266
0.0002591
0.0002657
0.0002648
0.0002598
0.000296
0.0002648
0.0002651
0.0002587
0.0002625
0.0002584
0.0002661
