1.8224
1.82203
1.82212
1.82213
1.85068
1.83187
1.85192
1.82161
1.82247
1.8224
1.82224
1.82216
1.82233
1.82913
1.85244
1.82466
1.82897
1.82193
1.84077
1.8251
1.82623
1.82312
1.82794
1.85336
1.82126
1.87654
1.82351
1.82696
1.82463
1.82322
1.82587
1.82538
1.82564
1.85948
1.82652
1.83919
1.83744
1.85193
1.8557
1.83029
1.89989
1.83467
1.85029
1.84406
1.83469
1.88164
1.83134
1.87609
1.85064
1.84801
1.87378
1.83553
1.87486
1.83734
1.83726
1.87474
1.83609
1.8769
1.83958
1.8375
1.85407
1.87621
1.86723
1.86882
1.91794
1.84995
1.86589
1.84512
1.83569
1.85003
2.00198
1.83525
1.84676
1.83971
1.86899
1.90595
1.85496
1.92702
1.91853
1.90948
1.88917
1.84135
1.84526
1.86721
1.85282
1.84895
1.86543
1.8469
1.915
1.97042
1.8596
1.8371
1.85358
1.87379
1.8393
1.86343
1.84763
1.89347
1.89248
1.8404
