0.202589
0.202833
0.203406
0.231528
0.202045
0.201321
0.201862
0.201144
0.202093
0.202339
0.20399
0.20215
0.202705
0.202559
0.202009
0.202539
0.203352
0.202499
0.202494
0.201584
0.200911
0.204055
0.201988
0.201813
0.203028
0.203219
0.202237
0.20241
0.202454
0.202195
0.202426
0.202526
0.20239
0.20227
0.202102
0.203186
0.202467
0.202155
0.202546
0.201162
0.202973
0.20388
0.202559
0.20188
0.201913
0.20295
0.202571
0.203209
0.202189
0.20281
0.202197
0.202474
0.202356
0.203768
0.201208
0.203594
0.202071
0.202386
0.203478
0.203364
0.20304
0.203651
0.202403
0.205183
0.202138
0.204514
0.206098
0.2078
0.20697
0.206962
0.224611
0.213231
0.201904
0.203375
0.204674
0.203451
0.203137
0.203223
0.217173
0.247462
0.204049
0.203816
0.202847
0.204287
0.202754
0.202836
0.202319
0.20318
0.203103
0.202336
0.200487
0.202518
0.203163
0.203605
0.203985
0.202784
0.202072
0.202651
0.225259
0.205616
