0.0099908
0.0100444
0.010057
0.0101045
0.0102302
0.0100138
0.0101509
0.0102783
0.0102088
0.0100921
0.0101406
0.0102426
0.0101603
0.010083
0.010211
0.0101691
0.010224
0.0103466
0.0103192
0.0101135
0.0100381
0.0100712
0.0102248
0.0102116
0.0101645
0.0103977
0.0100524
0.0099998
0.0100262
0.0100792
0.0100981
0.0102605
0.010072
0.0100748
0.0100892
0.0101129
0.0100409
0.0101049
0.0101638
0.0101112
0.0100367
0.0102251
0.0103033
0.0100925
0.010097
0.0100892
0.0107342
0.0102148
0.0101273
0.0100943
0.0135411
0.0101416
0.0104217
0.0103633
0.0106716
0.0119901
0.0099844
0.0101381
0.0110655
0.0102639
0.0101651
0.0107972
0.0101205
0.0101476
0.0104743
0.0113068
0.0108498
0.0106866
0.0104708
0.0102334
0.0106748
0.0101036
0.0104806
0.0110691
0.0106581
0.0105467
0.0103213
0.0102318
0.0105004
0.0118598
0.0114385
0.0102478
0.0101447
0.0114161
0.0105365
0.0102218
0.0103685
0.0101984
0.0104743
0.010215
0.0107473
0.010898
0.0103351
0.0106535
0.0107453
0.0103219
0.0104897
0.0104552
0.0104727
0.0100951
