0.0092341
0.0093383
0.0096562
0.0113162
0.0104912
0.009442
0.0095956
0.0097738
0.0092809
0.0097883
0.009486
0.0097124
0.0099006
0.0095766
0.0094663
0.0096557
0.0092061
0.0092602
0.0097492
0.0100736
0.0094872
0.009943
0.0092652
0.0092817
0.0091982
0.0092866
0.0094323
0.0097677
0.0097198
0.009199
0.0096554
0.00965
0.0092616
0.0095764
0.0094719
0.0095035
0.0096894
0.0093474
0.009227
0.0097151
0.0101713
0.0092069
0.0096235
0.0097331
0.0096903
0.0091814
0.0092369
0.0091853
0.0094279
0.0092765
0.0093049
0.0096107
0.0093504
0.009181
0.0098276
0.0095612
0.0093861
0.0105426
0.0093561
0.0093178
0.0095901
0.0095139
0.0096895
0.0097529
0.009447
0.0102396
0.011356
0.0142874
0.0099495
0.0120087
0.0098952
0.0117389
0.0098239
0.0118907
0.0097935
0.0096614
0.0103312
0.0100979
0.0117857
0.0096481
0.0100533
0.0100487
0.0096797
0.0093334
0.0094521
0.0092959
0.0157772
0.0113511
0.0094369
0.009428
0.0099538
0.0098921
0.0097313
0.0109508
0.0099987
0.0093042
0.0137609
0.0104778
0.0117499
0.0100115
