0.005682
0.0056448
0.0056449
0.0056584
0.0057091
0.0057062
0.0056393
0.0056799
0.005644
0.0056722
0.0056724
0.0056849
0.0056834
0.0057555
0.0057067
0.0056709
0.00563
0.0056599
0.0056686
0.0057203
0.0056388
0.0056693
0.005626
0.0060392
0.0056025
0.0056911
0.005638
0.0057351
0.0056748
0.0056765
0.0060468
0.0056941
0.0057116
0.0056129
0.005606
0.0056034
0.0056122
0.0056986
0.0056487
0.0056909
0.00571
0.0056691
0.0056785
0.0056442
0.0057209
0.0056884
0.0056837
0.0057061
0.0057068
0.0056703
0.0057067
0.0057164
0.0057177
0.0057042
0.0056943
0.0057092
0.0056636
0.0057032
0.005621
0.0058074
0.0056421
0.0056688
0.0056508
0.0057153
0.0056347
0.0057404
0.0057029
0.0056626
0.0056455
0.0057589
0.0056204
0.0056707
0.0057223
0.0056945
0.0056352
0.0056768
0.0056364
0.0056721
0.0056035
0.0056452
0.0056833
0.0056813
0.0056052
0.0057186
0.0057072
0.0056395
0.005705
0.0056624
0.0056774
0.0057109
0.0057041
0.0056756
0.0058832
0.0056537
0.0063454
0.0056721
0.0057362
0.0056512
0.0057043
0.0056823
