0.0035736
0.003574
0.003581
0.003631
0.0035786
0.0035733
0.0035842
0.0035694
0.0035735
0.0035802
0.0035765
0.003598
0.0036304
0.0035837
0.0035764
0.0036308
0.0036481
0.0036125
0.0037566
0.0035858
0.0035731
0.0036129
0.003608
0.003584
0.0035765
0.003581
0.0036238
0.0036095
0.0035736
0.0035952
0.003575
0.0035756
0.0035748
0.0036159
0.003576
0.0036403
0.0036572
0.0036679
0.0035789
0.0035945
0.0035804
0.0035679
0.0035784
0.0035945
0.0035675
0.0035737
0.0035831
0.0035854
0.0035956
0.0035817
0.003572
0.0035675
0.0036214
0.0036093
0.0036032
0.003866
0.003718
0.0035768
0.0036765
0.0036218
0.0036568
0.0036718
0.0036582
0.003658
0.0036785
0.003673
0.0036419
0.0037805
0.0036363
0.003843
0.0036013
0.0035884
0.0036345
0.0035891
0.0036076
0.0035821
0.0036422
0.0036186
0.0036521
0.0037668
0.0036577
0.0038597
0.0036112
0.0037587
0.0036135
0.0035978
0.0035914
0.0035829
0.0036505
0.0036085
0.0036431
0.0036001
0.0036505
0.0037571
0.0035905
0.0036132
0.0036116
0.0036334
0.0035763
0.0035837
