1.31686
1.33276
1.33742
1.32421
1.37859
1.32304
1.33148
1.33321
1.33423
1.31981
1.33205
1.32585
1.31571
1.34929
1.31609
1.38157
1.32861
1.35598
1.32421
1.3531
1.32767
1.3325
1.37457
1.326
1.32894
1.35016
1.32819
1.318
1.33626
1.31897
1.32794
1.34986
1.33892
1.35087
1.34226
1.40785
1.33054
1.32708
1.31247
1.32319
1.32443
1.34763
1.32235
1.40472
1.32665
1.32685
1.33415
1.3456
1.32946
1.3667
1.3511
1.32581
1.32102
1.35526
1.35649
1.32719
1.35437
1.3154
1.32694
1.34334
1.33404
1.31869
1.32063
1.32036
1.3195
1.32674
1.34948
1.32427
1.3468
1.34009
1.3328
1.32624
1.3339
1.34804
1.31556
1.33942
1.322
1.31586
1.38387
1.31804
1.32021
1.34383
1.32295
1.3598
1.3439
1.32342
1.32441
1.34867
1.41305
1.32074
1.35249
1.37647
1.32542
1.31661
1.32628
1.32161
1.30882
1.33106
1.31638
1.30888
