1.37643
1.31932
1.32423
1.34673
1.317
1.35477
1.35083
1.38452
1.31504
1.33635
1.35758
1.32478
1.31418
1.33802
1.31713
1.32129
1.33959
1.3272
1.34494
1.31805
1.40523
1.33195
1.32231
1.3557
1.32597
1.36074
1.35186
1.31937
1.31276
1.41668
1.32603
1.38532
1.33228
1.32072
1.32075
1.32476
1.33021
1.36807
1.33639
1.32655
1.32355
1.34006
1.32519
1.32204
1.34736
1.34897
1.3199
1.35873
1.33165
1.3254
1.35087
1.3301
1.32368
1.32675
1.34374
1.32592
1.32528
1.39821
1.32759
1.3679
1.34876
1.31568
1.3195
1.32951
1.32285
1.3256
1.32221
1.32276
1.35516
1.31747
1.34485
1.3251
1.33809
1.32118
1.32377
1.31879
1.38508
1.31535
1.32243
1.38194
1.33193
1.33733
1.38467
1.3223
1.32234
1.31813
1.36803
1.32383
1.33922
1.32161
1.3255
1.32476
1.33081
1.31627
1.33862
1.32136
1.30845
1.31797
1.3163
1.3086
