0.686156
0.666446
0.668829
0.660827
0.661501
0.657208
0.659626
0.661179
0.662179
0.661328
0.660488
0.657091
0.658858
0.65897
0.686167
0.668426
0.658591
0.711433
0.660394
0.659434
0.659013
0.662019
0.668738
0.658025
0.658766
0.660107
0.693423
0.668585
0.659799
0.708325
0.661721
0.664492
0.679656
0.658457
0.660362
0.660013
0.668773
0.658878
0.656705
0.656759
0.659148
0.66041
0.660787
0.701338
0.659349
0.662957
0.659395
0.659675
0.65809
0.671366
0.659718
0.66308
0.662588
0.657861
0.662535
0.661142
0.670334
0.712142
0.66461
0.66103
0.661092
0.656748
0.658841
0.662028
0.661911
0.661955
0.659127
0.658397
0.662721
0.662325
0.726433
0.656719
0.658822
0.657332
0.656992
0.659309
0.660647
0.660216
0.660004
0.65838
0.696506
0.656881
0.657128
0.657386
0.659248
0.657681
0.658056
0.659782
0.658156
0.659778
0.660298
0.668714
0.663665
0.658403
0.656643
0.659031
0.657136
0.657068
0.661165
0.659985
