0.0143291
0.0142478
0.0143935
0.0143973
0.0142758
0.0149367
0.0144087
0.0147763
0.0143057
0.0143449
0.0144358
0.0144404
0.014238
0.0142841
0.0142676
0.0142733
0.0143875
0.0144492
0.014515
0.0142577
0.0142436
0.0143157
0.0143538
0.0142259
0.0142955
0.0142571
0.0143674
0.014491
0.0142607
0.0148314
0.014322
0.0142783
0.0142775
0.0144556
0.01429
0.0142828
0.0142747
0.0143145
0.0144883
0.0143813
0.0143437
0.0143526
0.014301
0.0145386
0.0143722
0.014484
0.0143432
0.0142432
0.0142807
0.0142805
0.0143648
0.0143932
0.0144169
0.0149408
0.0143537
0.0142287
0.0143689
0.0142924
0.0143927
0.0143413
0.0144328
0.0143052
0.0143598
0.0147361
0.0151742
0.0143341
0.0143764
0.0142648
0.0143362
0.0142749
0.0142584
0.0142797
0.0142655
0.0144737
0.0143626
0.0144249
0.014263
0.014914
0.0143906
0.0143493
0.0143746
0.0142787
0.0144619
0.0143716
0.0145773
0.0142277
0.0142701
0.0144313
0.0144053
0.0144114
0.0144449
0.0143249
0.014258
0.0142384
0.0143719
0.0142592
0.0143301
0.0142478
0.0143892
0.0143116
