1.20962
1.18771
1.17183
1.20015
1.18411
1.16779
1.17119
1.16874
1.16807
1.18771
1.19639
1.20869
1.17224
1.17047
1.17255
1.20656
1.16793
1.16893
1.17633
1.17756
1.18621
1.18615
1.18378
1.19423
1.16804
1.1699
1.16915
1.18569
1.17249
1.17065
1.16777
1.16763
1.21444
1.17058
1.18435
1.18611
1.16812
1.22582
1.16658
1.17336
1.17201
1.16533
1.16685
1.16551
1.1654
1.16483
1.18166
1.18215
1.17782
1.28202
1.1765
1.2455
1.24529
1.23806
1.1841
1.16995
1.2176
1.24956
1.23661
1.2199
1.20294
1.21752
1.23772
1.21386
1.1923
1.23567
1.1986
1.20057
1.20351
1.2037
1.19679
1.18415
1.24233
1.22695
1.18473
1.18896
1.18618
1.19681
1.20746
1.20755
1.19249
1.20077
1.19137
1.21665
1.21493
1.20886
1.24997
1.20643
1.18829
1.19136
1.20482
1.20073
1.20783
1.22551
1.21328
1.19503
1.20998
1.18951
1.20661
1.20921
