0.0080828
0.0080822
0.0080829
0.0080805
0.0080952
0.0081573
0.0085364
0.0082842
0.0081012
0.0080948
0.0081144
0.0080936
0.0083452
0.0080954
0.0085165
0.0081643
0.0080872
0.0080956
0.0081053
0.0080814
0.0081818
0.0081266
0.0080984
0.0082442
0.0081011
0.0085411
0.008257
0.0081218
0.0080907
0.0080858
0.0080959
0.0082097
0.0087896
0.0082291
0.0081136
0.0081235
0.0080743
0.0089336
0.0080829
0.0081213
0.0091159
0.0090736
0.0088966
0.0081062
0.0081985
0.0080933
0.0081019
0.0081069
0.0080835
0.0085732
0.0081437
0.0082565
0.0087078
0.008121
0.008133
0.0080897
0.0080911
0.0082676
0.0081965
0.0080967
0.0080947
0.0081636
0.0089045
0.0082813
0.0081628
0.0081061
0.0081019
0.0080875
0.0081291
0.008083
0.008322
0.0084057
0.0088654
0.0087059
0.0084714
0.0081942
0.0081013
0.0080894
0.0081104
0.008099
0.0081053
0.0081629
0.0088111
0.0081786
0.0081432
0.008082
0.0080731
0.0081036
0.0081072
0.0087885
0.0081818
0.008218
0.0081786
0.0080912
0.008085
0.0081575
0.0080993
0.008626
0.0088781
0.0081203
