0.325239
0.327833
0.326423
0.33014
0.327628
0.32786
0.324275
0.380025
0.323836
0.325705
0.328446
0.324525
0.322994
0.325838
0.324985
0.323477
0.325357
0.325035
0.350178
0.325504
0.326177
0.326286
0.324995
0.330045
0.355711
0.322546
0.322572
0.324098
0.323132
0.328555
0.326966
0.328543
0.329589
0.322801
0.324828
0.330356
0.3286
0.325302
0.367277
0.32474
0.322756
0.32201
0.326523
0.341889
0.32695
0.339429
0.323141
0.327355
0.328484
0.335451
0.324088
0.330232
0.339729
0.326217
0.328304
0.331238
0.326343
0.326352
0.341392
0.327974
0.32886
0.326763
0.323085
0.326924
0.322937
0.331351
0.327936
0.326123
0.372316
0.331573
0.328543
0.325643
0.344264
0.362864
0.335822
0.328842
0.321567
0.319987
0.319532
0.351689
0.335938
0.34898
0.383844
0.359373
0.320668
0.32166
0.319984
0.324955
0.319913
0.31966
0.3187
0.323738
0.326407
0.319626
0.321771
0.318526
0.316707
0.320297
0.31782
0.320233
