0.0023998
0.0023255
0.0023291
0.0023209
0.0023292
0.0023226
0.0023736
0.0023256
0.0024583
0.0023318
0.0024703
0.0023611
0.0023296
0.0023283
0.0023228
0.0024094
0.0023239
0.0023308
0.0023709
0.0023227
0.0023311
0.0023239
0.0023197
0.0024073
0.0023322
0.0023242
0.0023248
0.0023736
0.0023221
0.0023245
0.0023273
0.0026563
0.0023239
0.0023574
0.0023243
0.0023241
0.0023214
0.0023193
0.0025544
0.0023241
0.0023218
0.0023238
0.0024301
0.0023479
0.002366
0.0023647
0.0023557
0.0023246
0.0023302
0.0023842
0.0025752
0.0023218
0.0023175
0.0023436
0.0024425
0.0023435
0.0023226
0.0023253
0.0024345
0.0023212
0.002321
0.0023215
0.0023194
0.0024067
0.002321
0.0023213
0.0023241
0.0025616
0.0023233
0.0023207
0.0023212
0.0023197
0.0023615
0.0023209
0.0023215
0.0024101
0.0023226
0.0023307
0.0023184
0.0023684
0.0023874
0.0023228
0.0023204
0.0023299
0.0023205
0.0023214
0.0023269
0.0023192
0.0023268
0.0023323
0.0023187
0.0023265
0.0023191
0.0023507
0.0023194
0.0023411
0.0023201
0.0023206
0.0023494
0.0023424
