0.005538
0.0053395
0.0051969
0.0052304
0.0054616
0.0052253
0.0052542
0.0054544
0.0052712
0.0055877
0.0054569
0.0052176
0.0055033
0.0052157
0.0052549
0.0053444
0.0052082
0.0052334
0.0052774
0.0052145
0.0052386
0.0054958
0.0054192
0.0052406
0.0054234
0.0052246
0.0053604
0.0052436
0.0052196
0.0054752
0.005218
0.0054887
0.0052146
0.0055197
0.0054605
0.0052787
0.0055024
0.0053454
0.0052167
0.0054996
0.0052274
0.0052112
0.0052311
0.0052075
0.0052533
0.0053764
0.0052067
0.0053578
0.0055251
0.0053409
0.0052298
0.0053142
0.0055432
0.0052446
0.0052314
0.0052278
0.0055259
0.0052318
0.0052696
0.0053494
0.0052261
0.0051959
0.0054896
0.005248
0.005379
0.0052357
0.0052619
0.005521
0.0052265
0.0052212
0.005328
0.0052179
0.0055267
0.0053093
0.0052286
0.0056854
0.0053331
0.0055332
0.0053913
0.0052349
0.0052699
0.0053129
0.0052091
0.0055215
0.0054704
0.0052781
0.00528
0.0053288
0.0052215
0.0052275
0.0053617
0.005272
0.0052596
0.005372
0.0052228
0.0055095
0.0052991
0.0052758
0.0053659
0.0052124
