0.067588
0.0663833
0.06783
0.0664566
0.0668954
0.0679006
0.0686227
0.0672655
0.0678102
0.066939
0.0670587
0.0674782
0.0687994
0.0685144
0.0669813
0.0669708
0.0671276
0.0675836
0.0675105
0.0675627
0.0666741
0.0674512
0.0672211
0.0674395
0.0669313
0.0667641
0.0666794
0.0675922
0.0674225
0.0662525
0.0666702
0.0677432
0.0668607
0.066412
0.0677541
0.0674695
0.0682075
0.0668313
0.0684647
0.0677892
0.06725
0.067248
0.0670732
0.0665152
0.0678963
0.0674075
0.0675376
0.0668224
0.0671143
0.0665703
0.0669769
0.066617
0.06657
0.0671244
0.0663599
0.0663928
0.0667886
0.0681152
0.067336
0.0672541
0.0660861
0.0673811
0.0675405
0.0662943
0.0675603
0.068433
0.066742
0.0674526
0.0666835
0.0665529
0.067191
0.0671771
0.0676278
0.0668874
0.0668452
0.0664637
0.0668748
0.0660806
0.0670324
0.0671422
0.0679174
0.0670258
0.0674641
0.0673416
0.0668021
0.066759
0.0671881
0.0668949
0.0668003
0.0667764
0.0684873
0.0668201
0.0661471
0.0670396
0.0665353
0.068832
0.0680133
0.0662104
0.0684258
0.0675647
