7.88e-05
7.81e-05
7.85e-05
8.06e-05
7.84e-05
7.84e-05
7.81e-05
7.93e-05
7.84e-05
7.93e-05
8.01e-05
7.85e-05
7.82e-05
8.09e-05
7.78e-05
7.83e-05
7.81e-05
7.99e-05
7.81e-05
7.81e-05
7.72e-05
7.87e-05
7.84e-05
7.76e-05
7.92e-05
7.82e-05
7.96e-05
8.03e-05
7.96e-05
7.82e-05
8.88e-05
7.82e-05
7.85e-05
7.83e-05
8.16e-05
7.84e-05
7.77e-05
7.78e-05
7.8e-05
7.83e-05
7.84e-05
7.88e-05
7.78e-05
7.96e-05
7.83e-05
7.84e-05
7.87e-05
7.82e-05
7.84e-05
8.11e-05
7.81e-05
7.8e-05
7.89e-05
7.79e-05
7.94e-05
7.84e-05
8.1e-05
7.86e-05
7.79e-05
7.92e-05
7.82e-05
7.78e-05
7.84e-05
8e-05
7.88e-05
7.85e-05
8.35e-05
7.88e-05
7.85e-05
7.85e-05
7.85e-05
7.81e-05
7.97e-05
7.88e-05
7.84e-05
7.89e-05
7.82e-05
7.83e-05
9.28e-05
7.76e-05
7.85e-05
7.86e-05
7.81e-05
7.85e-05
7.71e-05
7.84e-05
7.78e-05
7.84e-05
7.85e-05
7.91e-05
7.82e-05
7.83e-05
7.97e-05
7.8e-05
7.84e-05
7.91e-05
7.88e-05
7.84e-05
7.84e-05
8.06e-05
