0.658304
0.656512
0.659192
0.659624
0.6594
0.665759
0.657821
0.662136
0.660868
0.658944
0.696931
0.669699
0.672169
0.658892
0.656851
0.656721
0.660377
0.66378
0.661979
0.658361
0.65837
0.663134
0.659157
0.702741
0.662338
0.656948
0.659802
0.660205
0.661762
0.657328
0.664307
0.660637
0.662037
0.659125
0.657594
0.661969
0.661555
0.656923
0.657311
0.668641
0.660279
0.661576
0.659141
0.662195
0.733088
0.665953
0.666386
0.666757
0.670507
0.660172
0.659514
0.661338
0.660551
0.69255
0.661522
0.664561
0.66055
0.659176
0.659133
0.702835
0.658271
0.665886
0.695761
0.659452
0.66162
0.66156
0.659846
0.663498
0.663303
0.659055
0.673075
0.659843
0.660049
0.658131
0.667942
0.657677
0.65967
0.658922
0.657917
0.66004
0.678474
0.667998
0.691428
0.658764
0.656875
0.657606
0.658432
0.664305
0.659049
0.657979
0.657848
0.656646
0.659485
0.657002
0.656984
0.69167
0.667913
0.659808
0.706576
0.659305
