1.61532
1.63265
1.62055
1.62632
1.64835
1.63189
1.63118
1.62614
1.61502
1.67684
1.64284
1.62649
1.68097
1.62537
1.64719
1.65176
1.62403
1.64789
1.625
1.61809
1.6267
1.63272
1.6337
1.64561
1.69761
1.63434
1.629
1.62388
1.64972
1.63003
1.65682
1.6285
1.61874
1.62587
1.63202
1.62494
1.67278
1.62652
1.61198
1.66181
1.61952
1.62646
1.6638
1.62837
1.62518
1.64325
1.62984
1.68325
1.66376
1.68918
1.63292
1.65645
1.66156
1.63111
1.62036
1.63452
1.61984
1.61461
1.65988
1.6379
1.62862
1.62698
1.65748
1.67403
1.65108
1.67031
1.63036
1.67097
1.61818
1.61652
1.65812
1.62701
1.62134
1.64248
1.61399
1.711
1.65226
1.62117
1.63778
1.61634
1.67917
1.62616
1.6234
1.65233
1.62788
1.68677
1.65713
1.63301
1.61767
1.62165
1.67109
1.62581
1.7216
1.61413
1.67455
1.64613
1.6191
1.63865
1.64684
1.6055
