0.0033488
0.0035311
0.0034117
0.0033443
0.0033669
0.0033718
0.0034535
0.0034631
0.0034381
0.0033691
0.003353
0.0033526
0.0033434
0.0033714
0.0033792
0.0033663
0.0033661
0.0033451
0.0033421
0.0033421
0.0033444
0.0035824
0.0033877
0.0033423
0.0033663
0.0033405
0.0033447
0.0033557
0.0033503
0.0035381
0.0033723
0.0034141
0.0033459
0.0033512
0.0033409
0.0034086
0.003345
0.0035264
0.0033699
0.0033538
0.0033373
0.0033747
0.0033807
0.00337
0.0034883
0.0034118
0.0033526
0.0033746
0.0033431
0.0033812
0.0034403
0.0033473
0.0035154
0.0033711
0.0033449
0.0033388
0.0033599
0.0033426
0.0034007
0.0033495
0.0034838
0.0033412
0.0033683
0.0033355
0.0033429
0.0033602
0.0033545
0.0034437
0.003417
0.0033768
0.0033392
0.0033441
0.0033846
0.003367
0.0034854
0.003351
0.0033744
0.0033468
0.0033892
0.0033757
0.0033586
0.0033552
0.0033415
0.0033701
0.0033404
0.0034885
0.0036022
0.0033647
0.0033413
0.0033523
0.0033888
0.0033453
0.0035605
0.0033639
0.0033485
0.0033478
0.0035356
0.003373
0.0033471
0.0034089
