0.0083824
0.0079528
0.0078029
0.0078545
0.0081228
0.0077907
0.0078216
0.0086636
0.0079609
0.0081658
0.0077963
0.0077902
0.0078057
0.0086943
0.0078065
0.0078175
0.0079388
0.0078077
0.0078056
0.0078307
0.007801
0.0078329
0.0078214
0.0078021
0.0078112
0.0078079
0.0078091
0.0078026
0.0078509
0.0077962
0.0077974
0.0078077
0.0079211
0.007853
0.0078162
0.00784
0.0083217
0.0149858
0.0081174
0.0078256
0.0083454
0.0080948
0.0082491
0.0079413
0.0082858
0.0079505
0.0080058
0.0086354
0.0083992
0.0084806
0.0085951
0.0079006
0.0079738
0.0078957
0.0086516
0.0078799
0.0088004
0.0080069
0.0079091
0.0080015
0.0080752
0.0080932
0.0082854
0.0083241
0.0086613
0.0078793
0.0087268
0.0080375
0.0079353
0.0083217
0.0080453
0.0082286
0.0085099
0.0080579
0.0079015
0.00817
0.0081755
0.0080647
0.0083387
0.0082051
0.0080026
0.0080849
0.0083045
0.0083375
0.0082407
0.0080235
0.007907
0.0081384
0.0084751
0.0081621
0.0079127
0.0079609
0.0079851
0.0078936
0.0084357
0.0082174
0.0085097
0.0080851
0.008195
0.0079166
