0.0166599
0.0166723
0.0168051
0.0168324
0.0164774
0.0171208
0.0169254
0.0166899
0.0171738
0.0167782
0.0168398
0.0170782
0.0169938
0.0169016
0.0166805
0.0168777
0.0172023
0.016936
0.0166285
0.0167776
0.0171502
0.0166646
0.0170941
0.0167404
0.0167243
0.0169289
0.0171014
0.0167054
0.0167929
0.0166208
0.0167891
0.0168343
0.0173299
0.0172061
0.0169631
0.0167048
0.0170552
0.0168912
0.0166546
0.0168305
0.0170455
0.0167396
0.0165951
0.0170752
0.0167732
0.0166391
0.0167984
0.0167683
0.0171348
0.0165236
0.0167474
0.0167595
0.0167812
0.017005
0.0169559
0.016799
0.0167741
0.0168295
0.0167625
0.0169518
0.0172039
0.0167983
0.0168877
0.016808
0.0169451
0.0167484
0.0167682
0.0166667
0.016659
0.0169618
0.0169035
0.0168103
0.0167052
0.0167131
0.0171181
0.0167828
0.0167537
0.0169356
0.0170563
0.0165006
0.0166765
0.0164496
0.0168364
0.0168321
0.0169406
0.0167364
0.0167086
0.0171356
0.016907
0.0169434
0.0168569
0.016884
0.0169414
0.016844
0.0169307
0.0169882
0.0167347
0.0168753
0.016458
0.0166721
