0.001604
0.0015996
0.0015961
0.0015983
0.0015984
0.0015963
0.0015989
0.0015975
0.0016024
0.0016021
0.0015986
0.0016019
0.0015993
0.0016088
0.0015966
0.0016001
0.0016282
0.0015975
0.0016004
0.0016024
0.0016073
0.0016014
0.0016
0.0015987
0.0016029
0.0015989
0.0016104
0.0016563
0.0016014
0.001608
0.001602
0.0016014
0.0015998
0.0016003
0.0015983
0.0017367
0.001599
0.001605
0.0016026
0.0016048
0.0016033
0.0016046
0.0015993
0.0015996
0.0015991
0.0019146
0.0015969
0.001607
0.0015969
0.00161
0.0016102
0.0015995
0.0016024
0.0015982
0.0015975
0.0018673
0.0016057
0.0016054
0.0016027
0.0016014
0.0015976
0.0016064
0.0016091
0.0016017
0.0015974
0.0016034
0.0019549
0.0016026
0.0016096
0.0016008
0.0016105
0.0016011
0.0016038
0.0015986
0.0015972
0.001597
0.0018158
0.0015969
0.0015988
0.0015955
0.0015959
0.0016035
0.0015968
0.0015989
0.0015998
0.0016088
0.0015992
0.0016059
0.0015958
0.0016057
0.0015968
0.0016013
0.0015961
0.0015993
0.0015995
0.0016066
0.0015991
0.0015983
0.0015991
0.0015992
