0.79737
0.798844
0.801605
0.799691
0.79926
0.797207
0.798803
0.80427
0.79821
0.801676
0.79924
0.801258
0.794725
0.811346
0.797818
0.804651
0.79336
0.796323
0.800629
0.799085
0.798934
0.798841
0.802328
0.803244
0.803687
0.796902
0.799452
0.802034
0.798925
0.804458
0.797055
0.79964
0.803247
0.799832
0.804585
0.797941
0.821182
0.805521
0.80608
0.80778
0.798198
0.800392
0.802315
0.802005
0.806344
0.799846
0.803416
0.801846
0.801326
0.803277
0.806908
0.799369
0.799758
0.805776
0.797905
0.804219
0.797516
0.8017
0.790827
0.824307
0.797963
0.806355
0.823792
0.808265
0.842209
0.797522
0.803781
0.803094
0.802329
0.799622
0.797995
0.800736
0.800746
0.801731
0.798293
0.796992
0.8122
0.801501
0.800097
0.79571
0.799789
0.80029
0.818848
0.800481
0.796009
0.802142
0.79898
0.798679
0.800075
0.798127
0.80158
0.792808
0.801774
0.801328
0.799381
0.797322
0.798514
0.802212
0.800169
0.794331
