0.0005683
0.0005743
0.0005682
0.0005677
0.0005684
0.0006203
0.0005699
0.0005774
0.0005692
0.0005714
0.0005758
0.0005688
0.0005689
0.0005705
0.0005682
0.000679
0.0005686
0.0005687
0.0005695
0.0005677
0.0005978
0.0005735
0.0005675
0.0005681
0.0005692
0.0007515
0.0005676
0.0005702
0.0005688
0.0005679
0.0005767
0.0005678
0.000568
0.0005686
0.0005678
0.000569
0.0005677
0.0005677
0.0005675
0.0005676
0.0006611
0.0005751
0.0005692
0.0005678
0.0005683
0.0006508
0.0005748
0.0005757
0.000569
0.0005686
0.0007527
0.0005691
0.0005699
0.0005694
0.0005683
0.000723
0.0005677
0.0005682
0.000569
0.0005675
0.0005678
0.0005678
0.0005686
0.0005685
0.0005687
0.0005689
0.0005687
0.0005679
0.0005681
0.0005679
0.0005678
0.0005755
0.0005686
0.0005676
0.0005675
0.0005689
0.0005685
0.0005753
0.0005761
0.0005698
0.0006222
0.0005723
0.0005749
0.0005696
0.000568
0.0006282
0.000569
0.00057
0.0005702
0.0005677
0.0006761
0.0005738
0.000569
0.0005676
0.0005688
0.000637
0.0005769
0.000568
0.0005694
0.000574
