0.0125191
0.0112239
0.0112246
0.0115011
0.0111985
0.0112967
0.0121998
0.0120615
0.0124398
0.0112976
0.0117606
0.0125975
0.0115387
0.0114618
0.011921
0.0117798
0.0119631
0.0116362
0.012014
0.0119136
0.0139274
0.0119764
0.0112492
0.0121241
0.0120159
0.0117852
0.011203
0.011722
0.0112321
0.0113007
0.0112273
0.0111992
0.0112271
0.0112243
0.0113637
0.0112388
0.0113148
0.0123337
0.011931
0.0111946
0.0112223
0.01122
0.0115967
0.011221
0.0115136
0.0112477
0.0112537
0.0122052
0.0111897
0.0124471
0.0111774
0.0113904
0.0111991
0.0112851
0.0112244
0.0115005
0.0113069
0.0116594
0.0113174
0.0118135
0.011335
0.0112179
0.0120036
0.0111934
0.0111805
0.0112408
0.0120724
0.0112366
0.0112095
0.011323
0.0112254
0.0111903
0.0114907
0.012101
0.0120805
0.0112396
0.0115751
0.011307
0.0113258
0.0112257
0.0112289
0.0117396
0.0113699
0.0112094
0.0112454
0.0112132
0.0111973
0.0111938
0.0125373
0.0112047
0.0112925
0.0121923
0.0112094
0.0124591
0.0117307
0.0111981
0.0112335
0.0123357
0.0119261
0.0112013
