3.58104
3.58198
3.57382
3.58074
3.5775
3.58031
3.58341
3.67382
3.63743
3.60799
3.6545
4.37684
3.68003
3.62754
3.65792
3.6551
3.6281
3.74415
3.65697
3.68836
3.64753
3.72706
3.65648
3.58789
3.62199
3.64134
3.60207
3.60604
3.59202
3.60753
3.64518
3.57362
3.58706
3.5989
3.5806
3.58139
3.5829
3.57829
3.58381
3.57809
3.58462
3.58376
3.57971
3.58874
3.58203
3.58212
3.57826
3.60364
3.5841
3.57714
3.5887
3.60889
3.58529
3.57386
3.58181
3.58518
3.59853
3.586
3.59116
3.58186
3.57872
3.61363
3.57511
3.57519
3.57795
3.61029
3.57808
3.57611
3.57757
3.60755
3.57219
3.57252
3.57285
3.57771
3.61402
3.57875
3.57608
3.57423
3.58573
3.57502
3.57493
3.57334
3.57498
3.61012
3.57745
3.58021
3.57556
3.60478
3.57761
3.5813
3.57496
3.58288
3.60735
3.5777
3.57197
3.57767
3.5771
3.57707
3.58763
3.57341
