0.0451032
0.0444285
0.046125
0.0445284
0.0445857
0.0439437
0.0446644
0.0451058
0.0449352
0.0446767
0.0453338
0.0447818
0.0450131
0.045348
0.0445178
0.0446907
0.044711
0.0446845
0.0452891
0.0446723
0.044695
0.0444746
0.0458723
0.0443703
0.0442114
0.0451053
0.0449071
0.0450347
0.0458433
0.0452312
0.0446801
0.0439673
0.0447551
0.0450645
0.0452367
0.0447976
0.0453647
0.0444384
0.0450222
0.0456344
0.044581
0.0446716
0.0447118
0.0454647
0.0456095
0.0444632
0.0445269
0.0445969
0.0450454
0.0442548
0.0440673
0.0453579
0.0446536
0.0446787
0.0450512
0.0447204
0.0446174
0.0448465
0.0450308
0.0451596
0.0448664
0.0445661
0.0453749
0.0442894
0.044752
0.0453864
0.044623
0.0447239
0.0447748
0.0449525
0.0441902
0.0451555
0.045296
0.0440372
0.0449436
0.0445563
0.0443506
0.0442568
0.0446831
0.0448215
0.0443606
0.0452723
0.0456
0.0445153
0.0450076
0.0444279
0.045184
0.0442963
0.0442967
0.044998
0.0441244
0.0441697
0.0452075
0.0446649
0.0447239
0.0440444
0.0442827
0.0451692
0.0444998
0.0448368
