0.104496
0.108807
0.10437
0.118238
0.111012
0.102859
0.106274
0.106623
0.11674
0.110451
0.108114
0.104414
0.105036
0.10453
0.105982
0.103752
0.104232
0.104201
0.107073
0.109592
0.176084
0.105554
0.106661
0.104508
0.103743
0.104278
0.105728
0.102858
0.104517
0.104707
0.104069
0.103635
0.104155
0.104513
0.105648
0.106711
0.111149
0.104384
0.104236
0.105659
0.104072
0.105942
0.104593
0.103783
0.103007
0.105114
0.103113
0.103903
0.103855
0.103433
0.103518
0.104928
0.104316
0.107754
0.108417
0.106691
0.108303
0.106659
0.105895
0.106334
0.106934
0.107197
0.112037
0.107637
0.107508
0.108393
0.112324
0.116928
0.117474
0.113509
0.11292
0.119437
0.177402
0.11384
0.116991
0.115095
0.118277
0.115934
0.114994
0.11382
0.116054
0.110857
0.107531
0.109472
0.109467
0.110012
0.106278
0.111077
0.110894
0.111476
0.112221
0.108992
0.109091
0.107219
0.12053
0.112757
0.113578
0.112393
0.109416
0.117187
