0.0124088
0.0124372
0.0124194
0.01237
0.0124929
0.0124732
0.0124351
0.0133443
0.0124053
0.0124681
0.0124624
0.0124696
0.0122771
0.0123821
0.0124513
0.0124398
0.0123947
0.0124336
0.0124877
0.0124367
0.012656
0.0125062
0.0124193
0.0124547
0.0124223
0.0124282
0.0124034
0.0125089
0.0124592
0.0123533
0.0123906
0.0124383
0.0125486
0.0126004
0.012602
0.0124053
0.0125083
0.0125119
0.0124362
0.0125786
0.0125654
0.0124517
0.0124074
0.0124393
0.0124433
0.0126232
0.0125807
0.0124772
0.0124595
0.0124146
0.0124372
0.0125571
0.0124355
0.0124852
0.0124238
0.0125392
0.0126126
0.0124236
0.0124372
0.0125686
0.0124934
0.0125118
0.0125661
0.0123664
0.012515
0.0125049
0.0124322
0.0123959
0.0126361
0.0124117
0.012545
0.0124775
0.0125256
0.0141461
0.0125455
0.0125572
0.0124098
0.0125835
0.012459
0.0124801
0.0124055
0.012511
0.0125383
0.0123605
0.0124183
0.0123945
0.0124116
0.0124421
0.0124315
0.0125137
0.0124809
0.0124404
0.0123961
0.0125579
0.0124128
0.0132144
0.0124722
0.0123162
0.0123405
0.0124416
