0.0002591
0.0002588
0.0002587
0.0002591
0.0002584
0.0002584
0.0002586
0.0002586
0.0002585
0.0002631
0.0002585
0.0002587
0.0002585
0.0002584
0.000259
0.0002638
0.0004044
0.0002592
0.0002583
0.0002602
0.0002606
0.0002584
0.0002648
0.0002655
0.0004076
0.0002592
0.0002589
0.0002586
0.0002649
0.0002586
0.0002653
0.0002584
0.0002595
0.0002648
0.0002588
0.0002583
0.0002584
0.0002659
0.0002586
0.0002584
0.0002654
0.0003019
0.0002629
0.0002675
0.0002591
0.0002637
0.0002592
0.0002637
0.0002584
0.0002591
0.0002587
0.0002593
0.0002583
0.0002594
0.0002584
0.0002584
0.0002644
0.0002662
0.0002584
0.0002586
0.0002589
0.0002584
0.0002642
0.0002662
0.0002591
0.000259
0.0002582
0.0002653
0.0002591
0.0002592
0.0002583
0.0002584
0.0002583
0.0002586
0.0002633
0.0002664
0.0002594
0.0002586
0.0002596
0.000262
0.0002602
0.0002587
0.0002584
0.0002586
0.0002605
0.0002589
0.0002583
0.0002638
0.0002591
0.0002587
0.000263
0.0002587
0.0002583
0.0002585
0.0002585
0.0002583
0.0002665
0.000259
0.0002584
0.0002586
