0.14861
0.15099
0.148987
0.147587
0.147687
0.147301
0.148034
0.149456
0.150527
0.148408
0.150381
0.148739
0.147517
0.150051
0.147866
0.149598
0.149072
0.147957
0.148239
0.148604
0.148942
0.147874
0.150741
0.151401
0.147966
0.147811
0.148325
0.14849
0.148266
0.15059
0.147032
0.148566
0.148922
0.148139
0.148521
0.15047
0.147094
0.148086
0.148693
0.150173
0.148658
0.150237
0.150294
0.148257
0.150739
0.148499
0.147878
0.15246
0.148593
0.147478
0.148321
0.150418
0.147934
0.147648
0.149539
0.14838
0.150988
0.151743
0.148572
0.148119
0.149594
0.147362
0.14896
0.150595
0.148295
0.14923
0.15059
0.148578
0.147231
0.149606
0.148049
0.147819
0.147634
0.149304
0.146694
0.150574
0.150543
0.147603
0.14979
0.150994
0.146339
0.146634
0.148171
0.148206
0.149597
0.151631
0.148236
0.148731
0.149233
0.148272
0.150537
0.150087
0.148623
0.147618
0.150934
0.147892
0.14803
0.14999
0.147683
0.148774
