0.007783
0.007802
0.0078145
0.0077934
0.007826
0.007818
0.0078638
0.0078663
0.0078784
0.0078629
0.0079512
0.0078208
0.0078679
0.007959
0.0079246
0.0079417
0.0079707
0.0078456
0.0079255
0.0078527
0.0078649
0.007808
0.0078444
0.0079137
0.0078695
0.0078042
0.0078902
0.007885
0.0078834
0.0079204
0.0079259
0.007844
0.0078566
0.0078478
0.0078795
0.0078773
0.0078942
0.0078816
0.007878
0.0078959
0.0078133
0.007934
0.0078791
0.0078662
0.0078979
0.0078614
0.0079741
0.0078701
0.0079347
0.0078801
0.0078693
0.0083622
0.0079175
0.0078561
0.0079039
0.0079043
0.0078931
0.0078673
0.0078923
0.007872
0.0078643
0.0078818
0.0078583
0.0079354
0.0078635
0.0079344
0.0078709
0.00787
0.0078684
0.0078805
0.007931
0.0078749
0.0078454
0.0079286
0.0079209
0.0079653
0.0078546
0.0079008
0.0078825
0.0078642
0.0078936
0.0079185
0.0078742
0.0079003
0.0078667
0.0079001
0.0079146
0.0079641
0.0078904
0.0079368
0.0078889
0.0078969
0.0078947
0.0079283
0.0078775
0.0079035
0.0079076
0.0080153
0.0079074
0.0079611
