0.0009013
0.0009002
0.0009041
0.0009007
0.0008961
0.0009023
0.0009007
0.0009097
0.0008979
0.0010529
0.0008956
0.0008956
0.0009024
0.0009004
0.0009035
0.000902
0.0009466
0.0008998
0.0008972
0.0008971
0.0009177
0.0009032
0.0008971
0.0008959
0.0009066
0.0008977
0.0008981
0.0010093
0.0008976
0.0008979
0.0009016
0.0009049
0.0008971
0.0011052
0.0008974
0.0008976
0.0009775
0.0008957
0.0008975
0.0010178
0.0008965
0.0009061
0.0009016
0.0009012
0.0008955
0.000903
0.0009208
0.0009038
0.0008967
0.0009005
0.0008974
0.0009397
0.0009022
0.0009109
0.0009061
0.0008977
0.000912
0.0008956
0.0009051
0.0009958
0.0008975
0.0008971
0.0009008
0.0009115
0.0008983
0.0009015
0.000916
0.0008997
0.0009028
0.0009266
0.000901
0.0009023
0.0009544
0.0008997
0.0009003
0.0010105
0.0008971
0.0008997
0.0009006
0.000898
0.0009068
0.0011398
0.000897
0.0009086
0.0010654
0.0008967
0.0009042
0.0009024
0.0009114
0.0008963
0.0008975
0.0010567
0.0008957
0.0009052
0.000898
0.001024
0.0008981
0.0008959
0.0009182
0.0009001
