0.038314
0.0380201
0.0379222
0.038026
0.0375909
0.0379371
0.0381017
0.0379257
0.03816
0.0377562
0.0380571
0.0384634
0.0386119
0.037671
0.0384333
0.038248
0.0384846
0.0380795
0.0390195
0.0380134
0.0381813
0.0383276
0.0380194
0.037869
0.0378608
0.0381069
0.0378931
0.0383174
0.0380773
0.0380587
0.037767
0.0377138
0.038584
0.0388894
0.038495
0.0379105
0.0380434
0.0380462
0.0384
0.037804
0.0378358
0.0382176
0.0375887
0.0378494
0.03759
0.0386411
0.0385665
0.0377329
0.0382569
0.0379482
0.037836
0.0377262
0.0377095
0.0376015
0.0378567
0.0371868
0.0375634
0.0377075
0.0386316
0.0385935
0.0386503
0.0378915
0.0382178
0.0376233
0.0378575
0.0377027
0.0380799
0.0388616
0.0385015
0.0376577
0.0378985
0.0378521
0.0381975
0.0376456
0.0379446
0.0377258
0.0377729
0.0379054
0.0377905
0.0386079
0.0383914
0.0383754
0.0382767
0.0381629
0.0381294
0.0379058
0.0378642
0.0379347
0.0378864
0.0383126
0.0379304
0.0383413
0.0383848
0.0378127
0.0388546
0.037646
0.0376925
0.0379246
0.0377657
0.038247
