0.009529
0.0101036
0.0094774
0.0095168
0.0094899
0.0094759
0.0096572
0.0094757
0.0094753
0.0100297
0.009481
0.0095069
0.0094876
0.0105496
0.0097093
0.009573
0.0094955
0.0094914
0.0094862
0.0095249
0.0094969
0.0100718
0.0096009
0.0095109
0.010191
0.009558
0.009487
0.0094854
0.0095252
0.0101524
0.010779
0.009539
0.0094887
0.0109374
0.0094852
0.0106226
0.0095164
0.0104582
0.0103843
0.0102776
0.0097778
0.0095024
0.0108077
0.0107275
0.0095905
0.0095135
0.0095178
0.0095637
0.0094807
0.0095306
0.0095041
0.0094861
0.0094847
0.0095564
0.0098107
0.0095342
0.0094983
0.0094997
0.009483
0.0100587
0.0101519
0.0104665
0.0095454
0.009503
0.0106047
0.0095074
0.0102466
0.0095006
0.009505
0.0094915
0.009501
0.010391
0.0094975
0.0094908
0.0094929
0.0094836
0.0096659
0.0095651
0.0094994
0.0095391
0.0095223
0.0095621
0.0095002
0.0100217
0.0094985
0.0094858
0.009578
0.0103624
0.0096859
0.0103672
0.0104648
0.0095214
0.009538
0.009483
0.0094741
0.0099054
0.0094989
0.0094728
0.0106544
0.0105005
