0.830325
0.809979
0.810015
0.814621
0.835276
0.813253
0.817127
0.852217
0.81445
0.812531
0.80906
0.810167
0.81262
0.828414
0.825932
0.809707
0.809412
0.813948
0.818763
0.815654
0.822318
0.850816
0.812785
0.81257
0.809375
0.811357
0.812675
0.825041
0.828379
0.808974
0.809103
0.814491
0.814303
0.808513
0.812779
0.826299
0.840097
0.812782
0.808804
0.809308
0.873065
0.822397
0.811481
0.810814
0.818375
0.812909
0.815251
0.810738
0.825367
0.8278
0.820618
0.811419
0.810856
0.819383
0.822089
0.814654
0.814266
0.810347
0.810729
0.813001
0.813105
0.812337
0.821963
0.822752
0.820348
0.824206
0.810899
0.811833
0.811169
0.829085
0.854162
0.80996
0.809934
0.809044
0.812709
0.818965
0.809986
0.818572
0.814245
0.810609
0.809543
0.8097
0.824844
0.82609
0.80978
0.842183
0.808511
0.815827
0.816029
0.807504
0.816797
0.80995
0.810345
0.841767
0.809684
0.812197
0.810567
0.823626
0.812484
0.810166
