0.0029014
0.0028979
0.0028937
0.0028938
0.0028898
0.0028963
0.0028955
0.0029042
0.0029024
0.0028967
0.0028885
0.0029235
0.0028923
0.0030214
0.0029258
0.002899
0.0029741
0.0028874
0.0028914
0.0028909
0.0028909
0.0028962
0.0029192
0.0029075
0.0028896
0.0028968
0.0028954
0.0028911
0.0029605
0.0030628
0.002893
0.0028895
0.0028946
0.0029014
0.002898
0.0028937
0.0028981
0.0028958
0.0029047
0.0028913
0.0028864
0.0028927
0.0028921
0.0029539
0.0028936
0.0029037
0.0028941
0.0029291
0.0028902
0.0028905
0.0028887
0.0028942
0.0029016
0.0028952
0.0028946
0.0028914
0.0028913
0.0028898
0.0028968
0.0028938
0.0028974
0.0028886
0.0028932
0.0028931
0.0028915
0.0029955
0.0029019
0.0034546
0.002983
0.0028922
0.0029132
0.0029072
0.0029168
0.0029069
0.0029133
0.002892
0.0032851
0.0028983
0.0028883
0.002894
0.0028966
0.0029045
0.0030894
0.0028896
0.0030492
0.0028918
0.0028917
0.0028946
0.0028958
0.0029062
0.0029146
0.0028885
0.0028913
0.0028932
0.002904
0.0028922
0.0028956
0.0028985
0.0028915
0.0029009
